0	07	000
1	07	000
2	07	000
3	07	000
4	07	000
5	07	000
6	07	000
7	07	000
8	07	000
9	07	000
10	07	000
11	07	000
12	07	000
13	07	000
14	07	000
15	07	000
16	07	000
17	07	000
18	07	000
19	07	000
20	07	000
21	07	000
22	07	000
23	07	001
25	07	001
26	07	001
27	07	001
28	07	001
29	07	001
30	07	001
31	07	001
32	07	001
33	07	001
34	07	001
35	07	001
36	07	001
37	07	005
38	07	005
39	07	005
40	07	005
41	07	005
42	07	005
43	07	005
44	07	005
45	07	005
46	07	005
47	07	005
48	07	005
49	07	005
50	07	005
51	07	005
52	07	005
53	07	005
55	07	005
56	07	005
57	07	005
58	07	005
59	07	005
60	07	005
62	07	007
63	07	007
64	07	007
67	07	007
68	07	007
70	07	007
72	07	007
73	07	007
74	07	007
75	07	007
76	07	007
77	07	007
78	07	007
79	07	007
80	07	007
81	07	007
82	07	007
83	07	009
84	07	009
85	07	009
86	07	009
87	07	009
88	07	009
90	07	009
91	07	009
92	07	009
93	07	009
94	07	009
95	07	009
96	07	009
97	07	009
98	07	013
99	07	013
100	07	013
101	07	013
102	07	013
103	07	013
104	07	013
105	07	013
106	07	013
107	07	013
108	07	013
109	07	013
110	07	013
111	07	013
112	07	013
113	07	013
114	07	013
115	07	013
116	07	013
117	07	013
118	07	013
119	07	013
120	07	013
121	07	013
122	07	013
123	07	013
124	07	013
125	07	013
126	07	013
127	07	013
128	07	013
129	07	013
131	07	025
132	07	025
133	07	025
134	07	025
135	07	025
136	07	203
137	07	203
138	07	203
139	07	203
140	07	203
141	07	203
142	07	203
143	07	203
144	07	203
145	07	203
146	07	203
147	07	203
148	07	203
149	07	203
150	07	203
151	07	203
152	07	203
153	07	203
154	07	203
155	07	203
156	07	203
157	07	203
158	07	203
159	07	203
160	07	203
161	07	203
162	07	203
163	07	203
164	07	203
165	07	203
166	07	203
168	07	203
169	07	203
170	07	203
171	07	203
172	07	203
173	07	203
174	07	203
175	07	203
176	07	203
177	07	203
178	07	203
179	07	203
180	07	203
181	07	203
182	07	203
183	07	203
184	07	203
185	07	204
186	07	204
187	07	204
189	07	204
190	07	204
191	07	204
192	07	204
193	07	204
194	07	204
195	07	204
196	07	204
197	07	204
198	07	204
199	07	204
200	07	206
201	07	206
202	07	206
203	07	206
204	07	206
205	07	206
206	07	206
207	07	206
208	07	206
209	07	206
210	07	206
211	07	206
212	07	206
213	07	206
214	07	206
215	07	206
216	07	206
217	07	206
218	07	206
219	07	206
220	07	206
221	07	206
222	07	206
223	07	206
224	07	206
225	07	206
226	07	206
227	07	206
228	07	206
229	07	206
230	07	206
232	07	206
233	07	206
234	07	206
235	07	206
236	07	206
237	07	206
238	07	206
239	07	207
240	07	207
241	07	207
242	07	207
243	07	207
244	07	207
245	07	207
246	07	207
247	07	207
248	07	207
249	07	207
250	07	207
251	07	207
252	07	207
253	07	207
254	07	207
255	07	207
256	07	207
257	07	207
258	07	207
259	07	210
260	07	210
261	07	210
262	07	210
263	07	210
264	07	210
265	07	210
266	07	210
267	07	210
268	07	210
269	07	210
270	07	210
271	07	210
272	07	210
273	07	210
274	07	210
275	07	210
276	07	210
277	07	210
278	07	210
279	07	210
280	07	210
281	07	210
282	07	210
284	07	210
285	07	210
286	07	210
287	07	210
288	07	210
289	07	210
290	07	210
291	07	210
292	07	210
293	07	210
294	07	210
295	07	210
296	07	210
297	07	210
298	07	210
299	07	210
300	07	210
301	07	210
302	07	210
303	07	210
304	07	210
305	07	210
306	07	210
307	07	210
308	07	210
309	07	210
310	07	210
311	07	210
312	07	210
313	07	210
314	07	210
315	07	210
316	07	210
317	07	210
318	07	210
319	07	210
320	07	210
321	07	210
322	07	210
323	07	210
324	07	210
325	07	210
326	08	000
327	08	000
328	08	000
329	08	000
330	08	000
331	08	000
332	08	000
333	08	000
334	08	000
335	08	000
336	08	000
337	08	000
338	08	000
339	08	000
340	08	000
341	08	000
342	08	000
343	08	000
344	08	000
345	08	000
346	08	000
347	08	000
348	08	000
349	08	000
350	08	000
351	08	000
352	08	000
353	08	000
354	08	000
355	08	000
356	08	000
357	08	000
358	08	000
359	08	000
360	08	000
361	08	000
362	08	000
363	08	000
364	08	000
365	08	000
366	08	000
367	08	000
368	08	000
369	08	000
370	08	000
371	08	000
372	08	000
373	08	000
374	08	000
375	08	000
376	08	000
377	08	000
378	08	000
379	08	000
380	08	000
381	08	000
382	08	000
383	08	000
384	08	000
385	08	000
386	08	000
387	08	000
388	08	000
389	08	000
390	08	000
391	08	000
392	08	000
393	08	000
394	08	000
395	08	000
396	08	000
397	08	000
398	08	000
399	08	000
400	08	000
401	08	000
402	08	000
403	08	000
404	08	000
405	08	000
406	08	000
407	08	000
408	08	000
409	08	000
410	08	000
411	08	000
412	08	000
413	08	000
414	08	000
415	08	000
416	08	000
417	08	000
418	08	000
419	08	000
420	08	000
421	08	000
422	08	000
423	08	000
424	08	000
425	08	000
426	08	000
427	08	000
428	08	000
429	08	000
430	08	000
431	08	000
432	08	000
433	08	000
434	08	000
435	08	000
436	08	000
437	08	000
438	08	000
439	08	000
440	08	000
441	08	000
442	08	000
443	08	000
444	08	000
445	08	000
446	08	000
447	08	000
448	08	000
449	08	000
450	08	000
451	08	000
452	08	000
453	08	000
454	08	000
455	08	001
456	08	001
457	08	001
458	08	001
459	08	001
460	08	001
461	08	001
462	08	001
463	08	001
464	08	001
465	08	001
466	08	001
467	08	001
468	08	001
469	08	001
470	08	001
471	08	001
472	08	001
473	08	001
474	08	001
475	08	001
476	08	001
477	08	001
478	08	001
479	08	001
480	08	001
481	08	001
482	08	001
483	08	001
484	08	001
485	08	001
486	08	001
487	08	001
488	08	001
489	08	001
490	08	001
491	08	001
492	08	001
493	08	001
494	08	001
495	08	001
496	08	001
497	08	001
498	08	001
499	08	001
500	08	001
501	08	001
502	08	001
503	08	001
504	08	001
505	08	001
506	08	001
507	08	001
508	08	001
509	08	001
510	08	001
511	08	001
512	08	001
513	08	001
514	08	001
515	08	001
516	08	001
517	08	001
518	08	001
519	08	001
520	08	001
521	08	001
522	08	001
523	08	001
524	08	001
525	08	001
526	08	001
527	08	001
528	08	001
529	08	001
530	08	001
531	08	001
532	08	001
533	08	001
534	08	001
535	08	001
536	08	001
537	08	001
538	08	001
539	08	001
540	08	001
541	08	001
542	08	001
543	08	001
544	08	001
545	08	001
546	08	001
547	08	001
548	08	001
549	08	001
550	08	001
551	08	001
552	08	001
553	08	001
554	08	001
555	08	005
556	08	005
557	08	005
558	08	005
559	08	005
560	08	005
561	08	005
562	08	005
563	08	005
564	08	005
565	08	005
566	08	005
567	08	005
568	08	005
569	08	005
570	08	005
571	08	005
572	08	005
573	08	005
574	08	005
575	08	005
576	08	005
577	08	005
578	08	005
579	08	005
580	08	005
581	08	005
582	08	005
583	08	005
584	08	005
585	08	005
586	08	005
587	08	005
588	08	005
589	08	005
590	08	005
591	08	005
592	08	005
593	08	005
594	08	005
595	08	005
596	08	005
597	08	005
598	08	005
599	08	005
600	08	005
601	08	005
602	08	005
603	08	005
604	08	005
605	08	005
606	08	005
607	08	005
608	08	005
609	08	005
610	08	005
611	08	005
612	08	005
613	08	005
614	08	005
615	08	005
616	08	005
617	08	005
618	08	005
619	08	005
620	08	005
621	08	005
622	08	005
623	08	005
624	08	005
625	08	005
626	08	005
627	08	005
628	08	005
629	08	005
630	08	005
631	08	005
632	08	005
633	08	005
634	08	005
635	08	005
636	08	005
637	08	005
638	08	005
639	08	005
640	08	005
641	08	005
642	08	005
643	08	005
644	08	005
645	08	005
646	08	005
647	08	005
648	08	005
649	08	005
650	08	005
651	08	005
652	08	005
653	08	005
654	08	005
655	08	005
656	08	005
657	08	005
658	08	007
659	08	007
660	08	007
661	08	007
662	08	007
663	08	007
664	08	007
665	08	007
666	08	007
667	08	007
668	08	007
669	08	007
670	08	007
671	08	007
672	08	007
673	08	007
674	08	007
675	08	007
676	08	007
677	08	007
678	08	007
679	08	007
680	08	007
681	08	007
682	08	007
683	08	007
684	08	007
685	08	007
686	08	007
687	08	007
688	08	007
689	08	007
690	08	007
691	08	007
692	08	007
693	08	007
694	08	007
695	08	007
696	08	007
697	08	007
698	08	007
699	08	007
700	08	007
701	08	007
702	08	007
703	08	007
704	08	007
705	08	007
706	08	007
707	08	007
708	08	007
709	08	007
710	08	007
711	08	007
712	08	007
713	08	007
714	08	007
715	08	007
716	08	007
717	08	007
718	08	007
719	08	007
720	08	007
721	08	007
722	08	007
723	08	007
724	08	007
725	08	007
726	08	007
727	08	007
728	08	007
729	08	007
730	08	007
731	08	007
732	08	007
733	08	007
734	08	007
735	08	007
736	08	007
737	08	007
738	08	007
739	08	007
740	08	007
741	08	007
742	08	007
743	08	007
744	08	007
745	08	007
746	08	007
747	08	007
748	08	007
749	08	007
750	08	007
751	08	007
752	08	007
753	08	007
754	08	007
755	08	007
756	08	007
757	08	007
758	08	007
759	08	007
760	08	007
761	08	007
762	08	007
763	08	009
764	08	009
765	08	009
766	08	009
767	08	009
768	08	009
769	08	009
770	08	009
771	08	009
772	08	009
773	08	009
774	08	009
775	08	009
776	08	009
777	08	009
778	08	009
779	08	009
780	08	009
781	08	009
782	08	009
783	08	009
784	08	009
785	08	009
786	08	009
787	08	009
788	08	009
789	08	009
790	08	009
791	08	009
792	08	009
793	08	009
794	08	009
795	08	009
796	08	009
797	08	009
798	08	009
799	08	009
800	08	009
801	08	009
802	08	009
803	08	009
804	08	009
805	08	009
806	08	009
807	08	009
808	08	009
809	08	009
810	08	009
811	08	009
812	08	009
813	08	009
814	08	009
815	08	009
816	08	009
817	08	009
818	08	009
819	08	009
820	08	009
821	08	009
822	08	009
823	08	009
824	08	009
825	08	009
826	08	009
827	08	009
828	08	009
829	08	009
830	08	009
831	08	009
832	08	009
833	08	009
834	08	009
835	08	009
836	08	009
837	08	009
838	08	009
839	08	009
840	08	009
841	08	013
842	08	013
843	08	013
844	08	013
845	08	013
846	08	013
847	08	013
848	08	013
849	08	013
850	08	013
851	08	013
852	08	013
853	08	013
854	08	013
855	08	013
856	08	013
857	08	013
858	08	013
859	08	013
860	08	013
861	08	013
862	08	013
863	08	013
864	08	013
865	08	013
866	08	013
867	08	013
868	08	013
869	08	013
870	08	013
871	08	013
872	08	013
873	08	013
874	08	013
875	08	013
876	08	013
877	08	013
878	08	013
879	08	013
880	08	013
881	08	013
882	08	013
883	08	013
884	08	013
885	08	013
886	08	013
887	08	013
888	08	013
889	08	013
890	08	013
891	08	013
892	08	013
893	08	013
894	08	013
895	08	013
896	08	013
897	08	013
898	08	013
899	08	013
900	08	013
901	08	013
902	08	013
903	08	013
904	08	013
905	08	013
906	08	013
907	08	013
908	08	013
909	08	013
910	08	013
911	08	013
912	08	013
913	08	013
914	08	013
915	08	013
916	08	013
917	08	013
918	08	013
919	08	013
920	08	013
921	08	013
922	08	013
923	08	013
924	08	013
925	08	013
926	08	013
927	08	013
928	08	013
929	08	013
930	08	013
931	08	013
932	08	013
933	08	013
934	08	013
935	08	013
936	08	013
937	08	013
938	08	013
939	08	013
940	08	013
941	08	013
942	08	013
943	08	013
944	08	013
945	08	013
946	08	013
947	08	013
948	08	013
949	08	013
950	08	013
951	08	013
952	08	025
953	08	025
954	08	025
955	08	025
956	08	025
957	08	025
958	08	025
959	08	025
960	08	025
961	08	025
962	08	025
963	08	025
964	08	025
965	08	025
966	08	025
967	08	025
968	08	025
969	08	203
970	08	203
971	08	203
972	08	203
973	08	203
974	08	203
975	08	203
976	08	203
977	08	203
978	08	203
979	08	203
980	08	203
981	08	203
982	08	203
983	08	203
984	08	203
985	08	203
986	08	203
987	08	203
988	08	203
989	08	203
990	08	203
991	08	203
992	08	203
993	08	203
994	08	203
995	08	203
996	08	203
997	08	203
998	08	203
999	08	203
1000	08	203
1001	08	203
1002	08	203
1003	08	203
1004	08	203
1005	08	203
1006	08	203
1007	08	203
1008	08	203
1009	08	203
1010	08	203
1011	08	203
1012	08	203
1013	08	203
1014	08	203
1015	08	203
1016	08	203
1017	08	203
1018	08	203
1019	08	203
1020	08	203
1021	08	203
1022	08	203
1023	08	203
1024	08	203
1025	08	203
1026	08	203
1027	08	203
1028	08	203
1029	08	203
1030	08	203
1031	08	203
1032	08	203
1033	08	203
1034	08	203
1035	08	203
1036	08	203
1037	08	203
1038	08	203
1039	08	203
1040	08	203
1041	08	203
1042	08	203
1043	08	203
1044	08	203
1045	08	203
1046	08	203
1047	08	203
1048	08	203
1049	08	203
1050	08	203
1051	08	203
1052	08	203
1053	08	203
1054	08	203
1055	08	203
1056	08	203
1057	08	203
1058	08	203
1059	08	203
1060	08	203
1061	08	203
1062	08	203
1063	08	203
1064	08	203
1065	08	203
1066	08	203
1067	08	203
1068	08	203
1069	08	203
1070	08	203
1071	08	203
1072	08	203
1073	08	203
1074	08	203
1075	08	203
1076	08	203
1077	08	203
1078	08	203
1079	08	203
1080	08	203
1081	08	203
1082	08	203
1083	08	203
1084	08	203
1085	08	203
1086	08	203
1087	08	203
1088	08	203
1089	08	203
1090	08	203
1091	08	203
1092	08	203
1093	08	203
1094	08	203
1095	08	203
1096	08	203
1097	08	203
1098	08	203
1099	08	203
1100	08	203
1101	08	203
1102	08	203
1103	08	203
1104	08	203
1105	08	203
1106	08	203
1107	08	203
1108	08	203
1109	08	203
1110	08	203
1111	08	203
1112	08	203
1113	08	203
1114	08	203
1115	08	203
1116	08	203
1117	08	203
1118	08	203
1119	08	203
1120	08	203
1121	08	203
1122	08	203
1123	08	203
1124	08	203
1125	08	203
1126	08	203
1127	08	203
1128	08	203
1129	08	203
1130	08	203
1131	08	203
1132	08	203
1133	08	203
1134	08	203
1135	08	203
1136	08	203
1137	08	203
1138	08	203
1139	08	203
1140	08	203
1141	08	203
1142	08	203
1143	08	203
1144	08	203
1145	08	203
1146	08	203
1147	08	203
1148	08	203
1149	08	203
1150	08	203
1151	08	203
1152	08	203
1153	08	203
1154	08	203
1155	08	203
1156	08	203
1157	08	203
1158	08	203
1159	08	203
1160	08	203
1161	08	203
1162	08	203
1163	08	203
1164	08	203
1165	08	203
1166	08	203
1167	08	203
1168	08	203
1169	08	203
1170	08	203
1171	08	203
1172	08	203
1173	08	203
1174	08	203
1175	08	203
1176	08	203
1177	08	203
1178	08	203
1179	08	203
1180	08	203
1181	08	203
1182	08	203
1183	08	203
1184	08	203
1185	08	203
1186	08	203
1187	08	203
1188	08	203
1189	08	203
1190	08	203
1191	08	203
1192	08	203
1193	08	203
1194	08	203
1195	08	203
1196	08	203
1197	08	203
1198	08	203
1199	08	203
1200	08	203
1201	08	203
1202	08	203
1203	08	204
1204	08	204
1205	08	204
1206	08	204
1207	08	204
1208	08	204
1209	08	204
1210	08	204
1211	08	204
1212	08	204
1213	08	204
1214	08	204
1215	08	204
1216	08	204
1217	08	204
1218	08	204
1219	08	204
1220	08	204
1221	08	204
1222	08	204
1223	08	204
1224	08	204
1225	08	204
1226	08	204
1227	08	204
1228	08	204
1229	08	204
1230	08	204
1231	08	204
1232	08	204
1233	08	204
1234	08	204
1235	08	204
1236	08	204
1237	08	204
1238	08	204
1239	08	204
1240	08	204
1241	08	204
1242	08	204
1243	08	204
1244	08	204
1245	08	204
1246	08	204
1247	08	204
1248	08	204
1249	08	204
1250	08	204
1251	08	204
1252	08	204
1253	08	204
1254	08	204
1255	08	204
1256	08	204
1257	08	204
1258	08	204
1259	08	204
1260	08	204
1261	08	204
1262	08	204
1263	08	204
1264	08	204
1265	08	204
1266	08	204
1267	08	204
1268	08	204
1269	08	204
1270	08	204
1271	08	204
1272	08	204
1273	08	204
1274	08	204
1275	08	204
1276	08	204
1277	08	204
1278	08	204
1279	08	206
1280	08	206
1281	08	206
1282	08	206
1283	08	206
1284	08	206
1285	08	206
1286	08	206
1287	08	206
1288	08	206
1289	08	206
1290	08	206
1291	08	206
1292	08	206
1293	08	206
1294	08	206
1295	08	206
1296	08	206
1297	08	206
1298	08	206
1299	08	206
1300	08	206
1301	08	206
1302	08	206
1303	08	206
1304	08	206
1305	08	206
1306	08	206
1307	08	206
1308	08	206
1309	08	206
1310	08	206
1311	08	206
1312	08	206
1313	08	206
1314	08	206
1315	08	206
1316	08	206
1317	08	206
1318	08	206
1319	08	206
1320	08	206
1321	08	206
1322	08	206
1323	08	206
1324	08	206
1325	08	206
1326	08	206
1327	08	206
1328	08	206
1329	08	206
1330	08	206
1331	08	206
1332	08	206
1333	08	206
1334	08	206
1335	08	206
1336	08	206
1337	08	206
1338	08	206
1339	08	206
1340	08	206
1341	08	206
1342	08	206
1343	08	206
1344	08	206
1345	08	206
1346	08	206
1347	08	206
1348	08	206
1349	08	206
1350	08	206
1351	08	206
1352	08	206
1353	08	206
1354	08	206
1355	08	206
1356	08	206
1357	08	206
1358	08	206
1359	08	206
1360	08	206
1361	08	206
1362	08	206
1363	08	206
1364	08	206
1365	08	206
1366	08	206
1367	08	206
1368	08	206
1369	08	206
1370	08	206
1371	08	206
1372	08	206
1373	08	206
1374	08	206
1375	08	206
1376	08	206
1377	08	206
1378	08	206
1379	08	206
1380	08	206
1381	08	206
1382	08	206
1383	08	206
1384	08	206
1385	08	206
1386	08	206
1387	08	206
1388	08	206
1389	08	206
1390	08	206
1391	08	206
1392	08	206
1393	08	206
1394	08	206
1395	08	206
1396	08	206
1397	08	206
1398	08	206
1399	08	206
1400	08	206
1401	08	206
1402	08	206
1403	08	206
1404	08	206
1405	08	206
1406	08	206
1407	08	206
1408	08	206
1409	08	206
1410	08	206
1411	08	206
1412	08	206
1413	08	206
1414	08	206
1415	08	206
1416	08	206
1417	08	206
1418	08	206
1419	08	206
1420	08	206
1421	08	206
1422	08	206
1423	08	206
1424	08	206
1425	08	206
1426	08	206
1427	08	206
1428	08	206
1429	08	206
1430	08	206
1431	08	206
1432	08	206
1433	08	206
1434	08	206
1435	08	206
1436	08	206
1437	08	206
1438	08	206
1439	08	206
1440	08	206
1441	08	206
1442	08	206
1443	08	206
1444	08	206
1445	08	206
1446	08	206
1447	08	206
1448	08	206
1449	08	206
1450	08	206
1451	08	206
1452	08	206
1453	08	206
1454	08	206
1455	08	206
1456	08	206
1457	08	206
1458	08	206
1459	08	206
1460	08	206
1461	08	206
1462	08	206
1463	08	206
1464	08	206
1465	08	207
1466	08	207
1467	08	207
1468	08	207
1469	08	207
1470	08	207
1471	08	207
1472	08	207
1473	08	207
1474	08	207
1475	08	207
1476	08	207
1477	08	207
1478	08	207
1479	08	207
1480	08	207
1481	08	207
1482	08	207
1483	08	207
1484	08	207
1485	08	207
1486	08	207
1487	08	207
1488	08	207
1489	08	207
1490	08	207
1491	08	207
1492	08	207
1493	08	207
1494	08	207
1495	08	207
1496	08	207
1497	08	207
1498	08	207
1499	08	207
1500	08	207
1501	08	207
1502	08	207
1503	08	207
1504	08	207
1505	08	207
1506	08	207
1507	08	207
1508	08	207
1509	08	207
1510	08	207
1511	08	207
1512	08	207
1513	08	207
1514	08	207
1515	08	207
1516	08	207
1517	08	207
1518	08	207
1519	08	207
1520	08	207
1521	08	207
1522	08	207
1523	08	207
1524	08	207
1525	08	207
1526	08	207
1527	08	207
1528	08	207
1529	08	207
1530	08	207
1531	08	207
1532	08	207
1533	08	207
1534	08	207
1535	08	207
1536	08	207
1537	08	207
1538	08	207
1539	08	207
1540	08	207
1541	08	207
1542	08	207
1543	08	207
1544	08	207
1545	08	207
1546	08	207
1547	08	207
1548	08	207
1549	08	207
1550	08	207
1551	08	207
1552	08	207
1553	08	207
1554	08	207
1555	08	207
1556	08	207
1557	08	207
1558	08	207
1559	08	207
1560	08	207
1561	08	207
1562	08	207
1563	08	210
1564	08	210
1565	08	210
1566	08	210
1567	08	210
1568	08	210
1569	08	210
1570	08	210
1571	08	210
1572	08	210
1573	08	210
1574	08	210
1575	08	210
1576	08	210
1577	08	210
1578	08	210
1579	08	210
1580	08	210
1581	08	210
1582	08	210
1583	08	210
1584	08	210
1585	08	210
1586	08	210
1587	08	210
1588	08	210
1589	08	210
1590	08	210
1591	08	210
1592	08	210
1593	08	210
1594	08	210
1595	08	210
1596	08	210
1597	08	210
1598	08	210
1599	08	210
1600	08	210
1601	08	210
1602	08	210
1603	08	210
1604	08	210
1605	08	210
1606	08	210
1607	08	210
1608	08	210
1609	08	210
1610	08	210
1611	08	210
1612	08	210
1613	08	210
1614	08	210
1615	08	210
1616	08	210
1617	08	210
1618	08	210
1619	08	210
1620	08	210
1621	08	210
1622	08	210
1623	08	210
1624	08	210
1625	08	210
1626	08	210
1627	08	210
1628	08	210
1629	08	210
1630	08	210
1631	08	210
1632	08	210
1633	08	210
1634	08	210
1635	08	210
1636	08	210
1637	08	210
1638	08	210
1639	08	210
1640	08	210
1641	08	210
1642	08	210
1643	08	210
1644	08	210
1645	08	210
1646	08	210
1647	08	210
1648	08	210
1649	08	210
1650	08	210
1651	08	210
1652	08	210
1653	08	210
1654	08	210
1655	08	210
1656	08	210
1657	08	210
1658	08	210
1659	08	210
1660	08	210
1661	08	210
1662	08	210
1663	08	210
1664	08	210
1665	08	210
1666	08	210
1667	08	210
1668	08	210
1669	08	210
1670	08	210
1671	08	210
1672	08	210
1673	08	210
1674	08	210
1675	08	210
1676	08	210
1677	08	210
1678	08	210
1679	08	210
1680	08	210
1681	08	210
1682	08	210
1683	08	210
1684	08	210
1685	08	210
1686	08	210
1687	08	210
1688	08	210
1689	08	210
1690	08	210
1691	08	210
1692	08	210
1693	08	210
1694	08	210
1695	08	210
1696	08	210
1697	08	210
1698	08	210
1699	08	210
1700	08	210
1701	08	210
1702	08	210
1703	08	210
1704	08	210
1705	08	210
1706	08	210
1707	08	210
1708	08	210
1709	08	210
1710	08	210
1711	08	210
1712	08	210
1713	08	210
1714	08	210
1715	08	210
1716	08	210
1717	08	210
1718	08	210
1719	08	210
1720	08	210
1721	08	210
1722	08	210
1723	08	210
1724	08	210
1725	08	210
1726	08	210
1727	08	210
1728	08	210
1729	08	210
1730	08	210
1731	08	210
1732	08	210
1733	08	210
1734	08	210
1735	08	210
1736	08	210
1737	08	210
1738	08	210
1739	08	210
1740	08	210
1741	08	210
1742	08	210
1743	08	210
1744	08	210
1745	08	210
1746	08	210
1747	08	210
1748	08	210
1749	08	210
1750	08	210
1751	08	210
1752	08	210
1753	08	210
1754	08	210
1755	08	210
1756	08	210
1757	08	210
1758	08	210
1759	08	210
1760	08	210
1761	08	210
1762	08	210
1763	08	210
1764	08	210
1765	08	210
1766	08	210
1767	08	210
1768	08	210
1769	08	210
1770	08	210
1771	08	210
1772	08	210
1773	08	210
1774	08	210
1775	08	210
1776	08	210
1777	08	210
1778	08	210
1779	08	210
1780	08	210
1781	08	210
1782	08	210
1783	08	210
1784	08	210
1785	08	210
1786	08	210
1787	08	210
1788	08	210
1789	08	210
1790	08	210
1791	08	210
1792	08	210
1793	08	210
1794	08	210
1795	08	210
1796	08	210
1797	08	210
1798	08	210
1799	08	210
1800	08	210
1801	08	210
1802	08	210
1803	08	210
1804	08	210
1805	08	210
1806	08	210
1807	08	210
1808	08	210
1809	08	210
1810	08	210
1811	08	210
1812	08	210
1813	08	210
1814	08	210
1815	08	210
1816	08	210
1817	08	210
1818	08	210
1819	08	210
1820	08	210
1821	08	210
1822	08	210
1823	08	210
1824	08	210
1825	08	210
1826	08	210
1827	08	210
1828	08	210
1829	08	210
1830	08	210
1831	08	210
1832	08	210
1833	08	210
1834	08	210
1835	08	210
1836	08	210
1837	08	210
1838	08	210
1839	08	210
1840	08	210
1841	08	210
1842	08	210
1843	08	210
1844	08	210
1845	08	210
1846	08	210
1847	08	210
1848	08	210
1849	08	210
1850	08	210
1851	08	210
1852	08	210
1853	08	210
1854	08	210
1855	08	210
1856	08	210
1857	08	210
1858	08	210
1859	08	210
1860	08	210
1861	08	210
1862	08	210
1863	08	210
1864	08	210
1865	08	210
1866	08	210
1867	08	210
1868	08	210
1869	08	210
1870	08	210
1871	08	210
1872	08	210
1873	08	210
1874	08	210
1875	08	210
1876	08	210
1877	08	210
1878	08	210
1879	08	210
1880	08	210
1881	08	210
1882	08	210
1883	08	210
1884	08	210
1885	08	210
1886	08	210
1887	08	210
1888	08	210
1889	08	210
1890	08	210
1891	08	210
1892	08	210
1893	08	210
1894	08	210
1895	08	210
1896	08	210
1897	08	210
1898	08	210
1899	08	210
1900	08	210
1901	08	210
1902	08	210
1903	08	210
1904	08	210
1905	08	210
1906	08	210
1907	08	210
1908	08	210
1909	08	210
1910	08	210
1911	08	210
1912	08	210
1913	08	210
1914	08	210
1916	08	210
1917	08	210
1918	08	210
1919	08	210
1920	08	210
1921	08	210
1922	08	210
1923	08	210
1924	08	210
1925	08	210
1926	08	210
1927	08	210
1928	08	210
1929	08	210
1930	08	210
1931	08	210
1932	08	210
1933	08	210
1934	08	210
1935	08	210
1936	08	210
1937	08	210
1938	08	210
1939	08	210
1940	08	210
1941	08	210
1942	08	210
1943	08	210
1944	08	210
1945	08	210
1946	08	210
1947	08	210
1948	08	210
1949	08	210
1950	08	210
1951	08	210
1952	08	210
1953	08	210
1954	08	210
1955	08	210
1956	08	210
1957	08	210
1958	08	210
1959	08	210
1960	08	210
1961	08	210
1962	08	210
1963	08	210
1964	08	210
1965	08	210
1966	08	210
1967	08	210
1968	08	210
1969	08	210
1970	08	210
1971	08	210
1972	08	210
1973	08	210
1974	08	210
1975	08	210
1976	08	210
1977	08	210
1978	08	210
1979	08	210
1980	08	210
1981	08	210
1982	08	210
1983	08	210
1984	08	210
1985	08	210
1986	08	210
1987	08	210
1988	08	210
1989	09	000
1990	09	000
1991	09	000
1992	09	000
1993	09	000
1994	09	000
1995	09	000
1996	09	000
1997	09	000
1998	09	000
1999	09	000
2000	09	000
2001	09	000
2002	09	000
2003	09	000
2004	09	000
2005	09	000
2006	09	000
2007	09	000
2008	09	000
2009	09	000
2010	09	000
2011	09	000
2012	09	000
2013	09	000
2014	09	000
2015	09	000
2016	09	000
2017	09	000
2018	09	000
2019	09	000
2020	09	000
2021	09	000
2022	09	000
2023	09	000
2024	09	000
2025	09	000
2026	09	000
2027	09	000
2028	09	000
2029	09	000
2030	09	000
2031	09	000
2032	09	000
2033	09	000
2034	09	000
2035	09	000
2036	09	000
2037	09	000
2038	09	000
2039	09	000
2040	09	000
2041	09	000
2042	09	000
2043	09	000
2044	09	000
2045	09	000
2046	09	000
2047	09	000
2048	09	000
2049	09	000
2050	09	000
2051	09	000
2052	09	000
2053	09	000
2054	09	000
2055	09	000
2056	09	000
2057	09	000
2058	09	000
2059	09	000
2060	09	000
2061	09	000
2062	09	000
2063	09	000
2064	09	000
2065	09	000
2066	09	000
2067	09	000
2068	09	000
2069	09	000
2070	09	000
2071	09	000
2072	09	000
2073	09	000
2074	09	000
2075	09	000
2076	09	000
2077	09	000
2078	09	000
2079	09	000
2080	09	000
2081	09	000
2082	09	000
2083	09	000
2084	09	000
2085	09	000
2086	09	000
2087	09	000
2088	09	000
2089	09	000
2090	09	000
2091	09	000
2092	09	000
2093	09	000
2094	09	000
2095	09	000
2096	09	000
2097	09	000
2098	09	000
2099	09	000
2100	09	000
2101	09	000
2102	09	000
2103	09	000
2104	09	000
2105	09	000
2106	09	000
2107	09	000
2108	09	000
2109	09	000
2110	09	000
2111	09	000
2112	09	000
2113	09	000
2114	09	000
2115	09	000
2116	09	000
2117	09	000
2118	09	000
2119	09	000
2120	09	000
2121	09	000
2122	09	000
2123	09	000
2124	09	000
2125	09	000
2126	09	000
2127	09	000
2128	09	000
2129	09	000
2130	09	000
2131	09	000
2132	09	000
2133	09	000
2134	09	000
2135	09	000
2136	09	000
2137	09	000
2138	09	000
2139	09	000
2140	09	000
2141	09	000
2142	09	000
2143	09	000
2144	09	000
2145	09	000
2146	09	000
2147	09	000
2148	09	000
2149	09	000
2150	09	000
2151	09	001
2152	09	001
2153	09	001
2154	09	001
2155	09	001
2156	09	001
2157	09	001
2158	09	001
2159	09	001
2160	09	001
2161	09	001
2162	09	001
2163	09	001
2164	09	001
2165	09	001
2166	09	001
2167	09	001
2168	09	001
2169	09	001
2170	09	001
2171	09	001
2172	09	001
2173	09	001
2174	09	001
2175	09	001
2176	09	001
2177	09	001
2178	09	001
2179	09	001
2180	09	001
2181	09	001
2182	09	001
2183	09	001
2184	09	001
2185	09	001
2186	09	001
2187	09	001
2188	09	001
2189	09	001
2190	09	001
2191	09	001
2192	09	001
2193	09	001
2194	09	001
2195	09	001
2196	09	001
2197	09	001
2198	09	001
2199	09	001
2200	09	001
2201	09	001
2202	09	001
2203	09	001
2204	09	001
2205	09	001
2206	09	001
2207	09	001
2208	09	001
2209	09	001
2210	09	001
2211	09	001
2212	09	001
2213	09	001
2214	09	001
2215	09	001
2216	09	001
2217	09	001
2218	09	001
2219	09	001
2220	09	001
2221	09	001
2222	09	001
2223	09	001
2224	09	001
2225	09	001
2226	09	001
2227	09	001
2228	09	001
2229	09	001
2230	09	001
2231	09	001
2232	09	001
2233	09	001
2234	09	001
2235	09	001
2236	09	001
2237	09	001
2238	09	001
2239	09	001
2240	09	001
2241	09	001
2242	09	001
2243	09	001
2244	09	001
2245	09	001
2246	09	001
2247	09	001
2248	09	001
2249	09	001
2250	09	001
2251	09	001
2252	09	001
2253	09	001
2254	09	001
2255	09	001
2256	09	001
2257	09	001
2258	09	001
2259	09	001
2260	09	005
2261	09	005
2262	09	005
2263	09	005
2264	09	005
2265	09	005
2266	09	005
2267	09	005
2268	09	005
2269	09	005
2270	09	005
2271	09	005
2272	09	005
2273	09	005
2274	09	005
2275	09	005
2276	09	005
2277	09	005
2278	09	005
2279	09	005
2280	09	005
2281	09	005
2282	09	005
2283	09	005
2284	09	005
2285	09	005
2286	09	005
2287	09	005
2288	09	005
2289	09	005
2290	09	005
2291	09	005
2292	09	005
2293	09	005
2294	09	005
2295	09	005
2296	09	005
2297	09	005
2298	09	005
2299	09	005
2300	09	005
2301	09	005
2302	09	005
2303	09	005
2304	09	005
2305	09	005
2306	09	005
2307	09	005
2308	09	005
2309	09	005
2310	09	005
2311	09	005
2312	09	005
2313	09	005
2314	09	005
2315	09	005
2316	09	005
2317	09	005
2318	09	005
2319	09	005
2320	09	005
2321	09	005
2322	09	005
2323	09	005
2324	09	005
2325	09	005
2326	09	005
2327	09	005
2328	09	005
2329	09	005
2330	09	005
2331	09	005
2332	09	005
2333	09	005
2334	09	005
2335	09	005
2336	09	005
2337	09	005
2338	09	005
2339	09	005
2340	09	005
2341	09	005
2342	09	005
2343	09	005
2344	09	005
2345	09	005
2346	09	005
2347	09	005
2348	09	005
2349	09	005
2350	09	005
2351	09	005
2352	09	005
2353	09	005
2354	09	005
2355	09	005
2356	09	005
2357	09	007
2358	09	007
2359	09	007
2360	09	007
2361	09	007
2362	09	007
2363	09	007
2364	09	007
2365	09	007
2366	09	007
2367	09	007
2368	09	007
2369	09	007
2370	09	007
2371	09	007
2372	09	007
2373	09	007
2374	09	007
2375	09	007
2376	09	007
2377	09	007
2378	09	007
2379	09	007
2380	09	007
2381	09	007
2382	09	007
2383	09	007
2384	09	007
2385	09	007
2386	09	007
2387	09	007
2388	09	007
2389	09	007
2390	09	007
2391	09	007
2392	09	007
2393	09	007
2394	09	007
2395	09	007
2396	09	007
2397	09	007
2398	09	007
2399	09	007
2400	09	007
2401	09	007
2402	09	007
2403	09	007
2404	09	007
2405	09	007
2406	09	007
2407	09	007
2408	09	007
2409	09	007
2410	09	007
2411	09	007
2412	09	007
2413	09	007
2414	09	007
2415	09	007
2416	09	007
2417	09	007
2418	09	007
2419	09	007
2420	09	007
2421	09	007
2422	09	007
2423	09	007
2424	09	007
2425	09	007
2426	09	007
2427	09	007
2428	09	007
2429	09	007
2430	09	007
2431	09	007
2432	09	007
2433	09	007
2434	09	007
2435	09	007
2436	09	007
2437	09	007
2438	09	007
2439	09	007
2440	09	007
2441	09	007
2442	09	007
2443	09	007
2444	09	007
2445	09	007
2446	09	007
2447	09	007
2448	09	007
2449	09	007
2450	09	007
2451	09	007
2452	09	007
2453	09	007
2454	09	007
2455	09	007
2456	09	007
2457	09	007
2458	09	007
2459	09	007
2460	09	009
2461	09	009
2462	09	009
2463	09	009
2464	09	009
2465	09	009
2466	09	009
2467	09	009
2468	09	009
2469	09	009
2470	09	009
2471	09	009
2472	09	009
2473	09	009
2474	09	009
2475	09	009
2476	09	009
2477	09	009
2478	09	009
2479	09	009
2480	09	009
2481	09	009
2482	09	009
2483	09	009
2484	09	009
2485	09	009
2486	09	009
2487	09	009
2488	09	009
2489	09	009
2490	09	009
2491	09	009
2492	09	009
2493	09	009
2494	09	009
2495	09	009
2496	09	009
2497	09	009
2498	09	009
2499	09	009
2500	09	009
2501	09	009
2502	09	009
2503	09	009
2504	09	009
2505	09	009
2506	09	009
2507	09	009
2508	09	009
2509	09	009
2510	09	009
2511	09	009
2512	09	009
2513	09	009
2514	09	009
2515	09	009
2516	09	009
2517	09	009
2518	09	009
2519	09	009
2520	09	009
2521	09	009
2522	09	009
2523	09	009
2524	09	009
2525	09	009
2526	09	009
2527	09	009
2528	09	009
2529	09	009
2530	09	009
2531	09	009
2532	09	009
2533	09	009
2534	09	009
2535	09	009
2536	09	009
2537	09	009
2538	09	009
2539	09	009
2540	09	009
2541	09	009
2542	09	009
2543	09	013
2544	09	013
2545	09	013
2546	09	013
2547	09	013
2548	09	013
2549	09	013
2550	09	013
2551	09	013
2552	09	013
2553	09	013
2554	09	013
2555	09	013
2556	09	013
2557	09	013
2558	09	013
2559	09	013
2560	09	013
2561	09	013
2562	09	013
2563	09	013
2564	09	013
2565	09	013
2566	09	013
2567	09	013
2568	09	013
2569	09	013
2570	09	013
2571	09	013
2572	09	013
2573	09	013
2574	09	013
2575	09	013
2576	09	013
2577	09	013
2578	09	013
2579	09	013
2580	09	013
2581	09	013
2582	09	013
2583	09	013
2584	09	013
2585	09	013
2586	09	013
2587	09	013
2588	09	013
2589	09	013
2590	09	013
2591	09	013
2592	09	013
2593	09	013
2594	09	013
2595	09	013
2596	09	013
2597	09	013
2598	09	013
2599	09	013
2600	09	013
2601	09	013
2602	09	013
2603	09	013
2604	09	013
2605	09	025
2606	09	025
2607	09	025
2608	09	025
2609	09	025
2610	09	025
2611	09	025
2612	09	025
2613	09	025
2614	09	025
2615	09	025
2616	09	025
2617	09	025
2618	09	025
2619	09	025
2620	09	025
2621	09	025
2622	09	030
2623	09	030
2624	09	030
2625	09	030
2626	09	030
2627	09	030
2628	09	030
2629	09	030
2630	09	030
2631	09	030
2632	09	030
2633	09	030
2634	09	030
2635	09	030
2636	09	030
2637	09	030
2638	09	030
2639	09	030
2640	09	030
2641	09	030
2642	09	030
2643	09	030
2644	09	030
2645	09	030
2646	09	030
2647	09	030
2648	09	030
2649	09	203
2650	09	203
2651	09	203
2652	09	203
2653	09	203
2654	09	203
2655	09	203
2656	09	203
2657	09	203
2658	09	203
2659	09	203
2660	09	203
2661	09	203
2662	09	203
2663	09	203
2664	09	203
2665	09	203
2666	09	203
2667	09	203
2668	09	203
2669	09	203
2670	09	203
2671	09	203
2672	09	203
2673	09	203
2674	09	203
2675	09	203
2676	09	203
2677	09	203
2678	09	203
2679	09	203
2680	09	203
2681	09	203
2682	09	203
2683	09	203
2684	09	203
2685	09	203
2686	09	203
2687	09	203
2688	09	203
2689	09	203
2690	09	203
2691	09	203
2692	09	203
2693	09	203
2694	09	203
2695	09	203
2696	09	203
2697	09	203
2698	09	203
2699	09	203
2700	09	203
2701	09	203
2702	09	203
2703	09	203
2704	09	203
2705	09	203
2706	09	203
2707	09	203
2708	09	203
2709	09	203
2710	09	203
2711	09	203
2712	09	203
2713	09	203
2714	09	203
2715	09	203
2716	09	203
2717	09	203
2718	09	203
2719	09	203
2720	09	203
2721	09	203
2722	09	203
2723	09	203
2724	09	203
2725	09	203
2726	09	203
2727	09	203
2728	09	203
2729	09	203
2730	09	203
2731	09	203
2732	09	203
2733	09	203
2734	09	203
2735	09	203
2736	09	203
2737	09	203
2738	09	203
2739	09	203
2740	09	203
2741	09	203
2742	09	203
2743	09	203
2744	09	203
2745	09	203
2746	09	203
2747	09	203
2748	09	203
2749	09	203
2750	09	203
2751	09	203
2752	09	203
2753	09	203
2754	09	203
2755	09	203
2756	09	203
2757	09	203
2758	09	203
2759	09	203
2760	09	203
2761	09	203
2762	09	203
2763	09	203
2764	09	203
2765	09	203
2766	09	203
2767	09	203
2768	09	203
2769	09	203
2770	09	203
2771	09	203
2772	09	203
2773	09	203
2774	09	203
2775	09	203
2776	09	203
2777	09	203
2778	09	203
2779	09	203
2780	09	203
2781	09	203
2782	09	203
2783	09	203
2784	09	203
2785	09	203
2786	09	203
2787	09	203
2788	09	203
2789	09	203
2790	09	203
2791	09	203
2792	09	203
2793	09	203
2794	09	203
2795	09	203
2796	09	203
2797	09	203
2798	09	203
2799	09	203
2800	09	203
2801	09	203
2802	09	203
2803	09	203
2804	09	203
2805	09	203
2806	09	203
2807	09	203
2808	09	203
2809	09	203
2810	09	203
2811	09	203
2812	09	203
2813	09	203
2814	09	203
2815	09	203
2816	09	203
2817	09	203
2818	09	203
2819	09	203
2820	09	203
2821	09	203
2822	09	203
2823	09	203
2824	09	203
2825	09	203
2826	09	203
2827	09	203
2828	09	203
2829	09	203
2830	09	203
2831	09	203
2832	09	203
2833	09	203
2834	09	203
2835	09	203
2836	09	203
2837	09	203
2838	09	203
2839	09	203
2840	09	203
2841	09	203
2842	09	203
2843	09	203
2844	09	203
2845	09	203
2846	09	203
2847	09	203
2848	09	203
2849	09	203
2850	09	203
2851	09	203
2852	09	203
2853	09	203
2854	09	203
2855	09	203
2856	09	203
2857	09	203
2858	09	203
2859	09	203
2860	09	203
2861	09	203
2862	09	203
2863	09	203
2864	09	203
2865	09	203
2866	09	203
2867	09	203
2868	09	203
2869	09	203
2870	09	203
2871	09	203
2872	09	203
2873	09	203
2874	09	203
2875	09	203
2876	09	203
2877	09	203
2878	09	203
2879	09	203
2880	09	203
2881	09	203
2882	09	203
2883	09	203
2884	09	203
2885	09	203
2886	09	203
2887	09	203
2888	09	203
2889	09	203
2890	09	203
2891	09	203
2892	09	203
2893	09	203
2894	09	203
2895	09	203
2896	09	203
2897	09	203
2898	09	203
2899	09	203
2900	09	203
2901	09	203
2902	09	203
2903	09	203
2904	09	203
2905	09	203
2906	09	203
2907	09	203
2908	09	203
2909	09	203
2910	09	203
2911	09	203
2912	09	203
2913	09	203
2914	09	203
2915	09	204
2916	09	204
2917	09	204
2918	09	204
2919	09	204
2920	09	204
2921	09	204
2922	09	204
2923	09	204
2924	09	204
2925	09	204
2926	09	204
2927	09	204
2928	09	204
2929	09	204
2930	09	204
2931	09	204
2932	09	204
2933	09	204
2934	09	204
2935	09	204
2936	09	204
2937	09	204
2938	09	204
2939	09	204
2940	09	204
2941	09	204
2942	09	204
2943	09	204
2944	09	204
2945	09	204
2946	09	204
2947	09	204
2948	09	204
2949	09	204
2950	09	204
2951	09	204
2952	09	204
2953	09	204
2954	09	204
2955	09	204
2956	09	204
2957	09	204
2958	09	204
2959	09	204
2960	09	204
2961	09	204
2962	09	204
2963	09	204
2964	09	204
2965	09	204
2966	09	204
2967	09	204
2968	09	204
2969	09	204
2970	09	204
2971	09	204
2972	09	204
2973	09	204
2974	09	204
2975	09	204
2976	09	204
2977	09	204
2978	09	204
2979	09	204
2980	09	204
2981	09	204
2982	09	204
2983	09	204
2984	09	204
2985	09	204
2986	09	204
2987	09	204
2988	09	204
2989	09	204
2990	09	204
2991	09	204
2992	09	204
2993	09	204
2994	09	204
2995	09	204
2996	09	204
2997	09	204
2998	09	204
2999	09	204
3000	09	204
3001	09	204
3002	09	204
3003	09	206
3004	09	206
3005	09	206
3006	09	206
3007	09	206
3008	09	206
3009	09	206
3010	09	206
3011	09	206
3012	09	206
3013	09	206
3014	09	206
3015	09	206
3016	09	206
3017	09	206
3018	09	206
3019	09	206
3020	09	206
3021	09	206
3022	09	206
3023	09	206
3024	09	206
3025	09	206
3026	09	206
3027	09	206
3028	09	206
3029	09	206
3030	09	206
3031	09	206
3032	09	206
3033	09	206
3034	09	206
3035	09	206
3036	09	206
3037	09	206
3038	09	206
3039	09	206
3040	09	206
3041	09	206
3042	09	206
3043	09	206
3044	09	206
3045	09	206
3046	09	206
3047	09	206
3048	09	206
3049	09	206
3050	09	206
3051	09	206
3052	09	206
3053	09	206
3054	09	206
3055	09	206
3056	09	206
3057	09	206
3058	09	206
3059	09	206
3060	09	206
3061	09	206
3062	09	206
3063	09	206
3064	09	206
3065	09	206
3066	09	206
3067	09	206
3068	09	206
3069	09	206
3070	09	206
3071	09	206
3072	09	206
3073	09	206
3074	09	206
3075	09	206
3076	09	206
3077	09	206
3078	09	206
3079	09	206
3080	09	206
3081	09	206
3082	09	206
3083	09	206
3084	09	206
3085	09	206
3086	09	206
3087	09	206
3088	09	206
3089	09	206
3090	09	206
3091	09	206
3092	09	206
3093	09	206
3094	09	206
3095	09	206
3096	09	206
3097	09	206
3098	09	206
3099	09	206
3100	09	206
3101	09	206
3102	09	206
3103	09	206
3104	09	206
3105	09	206
3106	09	206
3107	09	206
3108	09	206
3109	09	206
3110	09	206
3111	09	206
3112	09	206
3113	09	206
3114	09	206
3115	09	206
3116	09	206
3117	09	206
3118	09	206
3119	09	206
3120	09	206
3121	09	206
3122	09	206
3123	09	206
3124	09	206
3125	09	206
3126	09	206
3127	09	206
3128	09	206
3129	09	206
3130	09	206
3131	09	206
3132	09	206
3133	09	206
3134	09	206
3135	09	206
3136	09	206
3137	09	206
3138	09	206
3139	09	206
3140	09	206
3141	09	206
3142	09	206
3143	09	206
3144	09	206
3145	09	206
3146	09	206
3147	09	206
3148	09	206
3149	09	206
3150	09	206
3151	09	206
3152	09	206
3153	09	206
3154	09	206
3155	09	206
3156	09	206
3157	09	206
3158	09	206
3159	09	206
3160	09	206
3161	09	206
3162	09	206
3163	09	206
3164	09	206
3165	09	206
3166	09	206
3167	09	206
3168	09	206
3169	09	206
3170	09	206
3171	09	206
3172	09	206
3173	09	206
3174	09	206
3175	09	206
3176	09	206
3177	09	206
3178	09	206
3179	09	206
3180	09	206
3181	09	206
3182	09	206
3183	09	206
3184	09	206
3185	09	206
3186	09	206
3187	09	206
3188	09	206
3189	09	206
3190	09	206
3191	09	206
3192	09	206
3193	09	206
3194	09	206
3195	09	206
3196	09	206
3197	09	206
3198	09	206
3199	09	206
3200	09	206
3201	09	206
3202	09	206
3203	09	206
3204	09	206
3205	09	206
3206	09	206
3207	09	206
3208	09	206
3209	09	206
3210	09	206
3211	09	206
3212	09	207
3213	09	207
3214	09	207
3215	09	207
3216	09	207
3217	09	207
3218	09	207
3219	09	207
3220	09	207
3221	09	207
3222	09	207
3223	09	207
3224	09	207
3225	09	207
3226	09	207
3227	09	207
3228	09	207
3229	09	207
3230	09	207
3231	09	207
3232	09	207
3233	09	207
3234	09	207
3235	09	207
3236	09	207
3237	09	207
3238	09	207
3239	09	207
3240	09	207
3241	09	207
3242	09	207
3243	09	207
3244	09	207
3245	09	207
3246	09	207
3247	09	207
3248	09	207
3249	09	207
3250	09	207
3251	09	207
3252	09	207
3253	09	207
3254	09	207
3255	09	207
3256	09	207
3257	09	207
3258	09	207
3259	09	207
3260	09	207
3261	09	207
3262	09	207
3263	09	207
3264	09	207
3265	09	207
3266	09	207
3267	09	207
3268	09	207
3269	09	207
3270	09	207
3271	09	207
3272	09	207
3273	09	207
3274	09	207
3275	09	207
3276	09	207
3277	09	207
3278	09	207
3279	09	207
3280	09	207
3281	09	207
3282	09	207
3283	09	207
3284	09	207
3285	09	207
3286	09	207
3287	09	207
3288	09	207
3289	09	207
3290	09	207
3291	09	207
3292	09	207
3293	09	207
3294	09	207
3295	09	207
3296	09	207
3297	09	207
3298	09	207
3299	09	207
3300	09	207
3301	09	207
3302	09	207
3303	09	207
3304	09	207
3305	09	207
3306	09	207
3307	09	207
3308	09	210
3309	09	210
3310	09	210
3311	09	210
3312	09	210
3313	09	210
3314	09	210
3315	09	210
3316	09	210
3317	09	210
3318	09	210
3319	09	210
3320	09	210
3321	09	210
3322	09	210
3323	09	210
3324	09	210
3325	09	210
3326	09	210
3327	09	210
3328	09	210
3329	09	210
3330	09	210
3331	09	210
3332	09	210
3333	09	210
3334	09	210
3335	09	210
3336	09	210
3337	09	210
3338	09	210
3339	09	210
3340	09	210
3341	09	210
3342	09	210
3343	09	210
3344	09	210
3345	09	210
3346	09	210
3347	09	210
3348	09	210
3349	09	210
3350	09	210
3351	09	210
3352	09	210
3353	09	210
3354	09	210
3355	09	210
3356	09	210
3357	09	210
3358	09	210
3359	09	210
3360	09	210
3361	09	210
3362	09	210
3363	09	210
3364	09	210
3365	09	210
3366	09	210
3367	09	210
3368	09	210
3369	09	210
3370	09	210
3371	09	210
3372	09	210
3373	09	210
3374	09	210
3375	09	210
3376	09	210
3377	09	210
3378	09	210
3379	09	210
3380	09	210
3381	09	210
3382	09	210
3383	09	210
3384	09	210
3385	09	210
3386	09	210
3387	09	210
3388	09	210
3389	09	210
3390	09	210
3391	09	210
3392	09	210
3393	09	210
3394	09	210
3395	09	210
3396	09	210
3397	09	210
3398	09	210
3399	09	210
3400	09	210
3401	09	210
3402	09	210
3403	09	210
3404	09	210
3405	09	210
3406	09	210
3407	09	210
3408	09	210
3409	09	210
3410	09	210
3411	09	210
3412	09	210
3413	09	210
3414	09	210
3415	09	210
3416	09	210
3417	09	210
3418	09	210
3419	09	210
3420	09	210
3421	09	210
3422	09	210
3423	09	210
3424	09	210
3425	09	210
3426	09	210
3427	09	210
3428	09	210
3429	09	210
3430	09	210
3431	09	210
3432	09	210
3433	09	210
3434	09	210
3435	09	210
3436	09	210
3437	09	210
3438	09	210
3439	09	210
3440	09	210
3441	09	210
3442	09	210
3443	09	210
3444	09	210
3445	09	210
3446	09	210
3447	09	210
3448	09	210
3449	09	210
3450	09	210
3451	09	210
3452	09	210
3453	09	210
3454	09	210
3455	09	210
3456	09	210
3457	09	210
3458	09	210
3459	09	210
3460	09	210
3461	09	210
3462	09	210
3463	09	210
3464	09	210
3465	09	210
3466	09	210
3467	09	210
3468	09	210
3469	09	210
3470	09	210
3471	09	210
3472	09	210
3473	09	210
3474	09	210
3475	09	210
3476	09	210
3477	09	210
3478	09	210
3479	09	210
3480	09	210
3481	09	210
3482	09	210
3483	09	210
3484	09	210
3485	09	210
3486	09	210
3487	09	210
3488	09	210
3489	09	210
3490	09	210
3491	09	210
3492	09	210
3493	09	210
3494	09	210
3495	09	210
3496	09	210
3497	09	210
3498	09	210
3499	09	210
3500	09	210
3501	09	210
3502	09	210
3503	09	210
3504	09	210
3505	09	210
3506	09	210
3507	09	210
3508	09	210
3509	09	210
3510	09	210
3511	09	210
3512	09	210
3513	09	210
3514	09	210
3515	09	210
3516	09	210
3517	09	210
3518	09	210
3519	09	210
3520	09	210
3521	09	210
3522	09	210
3523	09	210
3524	09	210
3525	09	210
3526	09	210
3527	09	210
3528	09	210
3529	09	210
3530	09	210
3531	09	210
3532	09	210
3533	09	210
3534	09	210
3535	09	210
3536	09	210
3537	09	210
3538	09	210
3539	09	210
3540	09	210
3541	09	210
3542	09	210
3543	09	210
3544	09	210
3545	09	210
3546	09	210
3547	09	210
3548	09	210
3549	09	210
3550	09	210
3551	09	210
3552	09	210
3553	09	210
3554	09	210
3555	09	210
3556	09	210
3557	09	210
3558	09	210
3560	09	210
3561	09	210
3562	09	210
3563	09	210
3564	09	210
3565	09	210
3566	09	210
3567	09	210
3568	09	210
3569	09	210
3570	09	210
3571	09	210
3572	09	210
3573	09	210
3574	09	210
3575	09	210
3576	09	210
3577	09	210
3578	09	210
3579	09	210
3580	09	210
3581	09	210
3582	09	210
3583	09	210
3584	09	210
3585	09	210
3586	09	210
3587	09	210
3588	09	210
3589	09	210
3590	09	210
3591	09	210
3592	09	210
3593	09	210
3594	09	210
3595	09	210
3596	09	210
3597	09	210
3598	09	210
3599	09	210
3600	09	210
3601	09	210
3602	09	210
3603	09	210
3604	09	210
3605	09	210
3606	09	210
3607	09	210
3608	09	210
3609	09	210
3610	09	210
3611	09	210
3612	09	210
3613	09	210
3614	09	210
3615	09	210
3616	09	210
3617	09	210
3618	09	210
3619	09	210
3620	09	210
3621	09	210
3622	09	210
3623	09	210
3624	09	210
3625	09	210
3626	09	210
3627	09	210
3628	09	210
3629	09	210
3630	09	210
3631	09	210
3632	09	210
3633	09	210
3634	09	210
3635	09	210
3636	09	210
3637	09	210
3638	09	210
3639	09	210
3640	09	210
3641	09	210
3642	09	210
3643	09	210
3644	09	210
3645	09	210
3646	09	210
3647	09	210
3648	09	210
3649	09	210
3650	09	210
3651	09	210
3652	09	210
3653	09	210
3654	09	210
3655	09	210
3656	09	210
3657	09	210
3658	09	210
3659	09	210
3660	09	210
3661	09	210
3662	09	210
3663	09	210
3664	09	210
3665	09	210
3666	09	210
3667	09	210
3668	09	210
3669	09	210
3670	09	210
3671	09	210
3672	09	210
3673	09	210
3674	09	210
3675	09	210
3676	09	210
3677	09	210
3678	09	210
3679	09	210
3680	09	210
3681	09	210
3682	09	210
3683	09	210
3684	09	210
3685	09	214
3686	09	214
3687	09	214
3688	09	214
3689	09	214
3690	09	214
3691	09	214
3692	09	214
3693	09	214
3694	09	214
3695	09	214
3696	09	214
3697	09	214
3698	09	214
3699	09	214
3700	09	214
3701	09	214
3702	09	214
3703	09	214
3704	09	214
3705	09	214
3706	09	214
3707	09	214
3708	09	214
3709	09	214
3710	09	214
3711	09	214
3712	09	214
3713	09	214
3714	09	214
3715	09	214
3716	09	214
3717	09	214
3718	09	214
3719	09	214
3720	09	214
3721	09	214
3722	09	214
3723	09	214
3724	09	214
3725	09	214
3726	09	214
3727	09	214
3728	09	214
3729	09	214
3730	09	214
3731	09	214
3732	09	214
3733	09	214
3734	09	214
3735	09	214
3736	09	214
3737	09	214
3738	09	214
3739	09	214
3740	09	214
3741	09	214
3742	09	214
3743	09	214
3744	09	214
3745	09	214
3746	09	214
3747	09	214
3748	09	214
3749	09	214
3750	09	214
3751	09	214
3752	09	214
3753	09	214
3754	09	214
3755	09	214
3756	09	214
3757	09	214
3758	09	214
3759	09	214
3760	09	214
3761	09	214
3762	09	214
3763	09	214
3764	09	214
3765	09	214
3766	09	214
3767	09	214
3768	09	214
3769	09	214
3770	09	214
3771	09	214
3772	10	000
3773	10	000
3774	10	000
3775	10	000
3776	10	000
3777	10	000
3778	10	000
3779	10	000
3780	10	000
3781	10	000
3782	10	000
3783	10	000
3784	10	000
3785	10	000
3786	10	000
3787	10	000
3788	10	000
3789	10	000
3790	10	000
3791	10	000
3792	10	000
3793	10	000
3794	10	000
3795	10	000
3796	10	000
3797	10	000
3798	10	000
3799	10	000
3800	10	000
3801	10	000
3802	10	000
3803	10	000
3804	10	000
3805	10	000
3806	10	000
3807	10	000
3808	10	000
3809	10	000
3810	10	000
3811	10	000
3812	10	000
3813	10	000
3814	10	000
3815	10	000
3816	10	000
3817	10	000
3818	10	000
3819	10	000
3820	10	000
3821	10	000
3822	10	000
3823	10	000
3824	10	000
3825	10	000
3826	10	000
3827	10	000
3828	10	000
3829	10	000
3830	10	000
3831	10	000
3832	10	000
3833	10	000
3834	10	000
3835	10	000
3836	10	000
3837	10	000
3838	10	000
3839	10	000
3840	10	000
3841	10	000
3842	10	000
3843	10	000
3844	10	000
3845	10	000
3846	10	000
3847	10	000
3848	10	000
3849	10	000
3850	10	000
3851	10	000
3852	10	000
3853	10	000
3854	10	000
3855	10	000
3856	10	000
3857	10	000
3858	10	000
3859	10	000
3860	10	000
3861	10	000
3862	10	000
3863	10	000
3864	10	000
3865	10	000
3866	10	000
3867	10	000
3868	10	000
3869	10	000
3870	10	000
3871	10	000
3872	10	000
3873	10	000
3874	10	000
3875	10	000
3876	10	000
3877	10	000
3878	10	000
3879	10	000
3880	10	000
3881	10	000
3882	10	000
3883	10	000
3884	10	000
3885	10	000
3886	10	000
3887	10	000
3888	10	000
3889	10	000
3890	10	000
3891	10	000
3892	10	000
3893	10	000
3894	10	000
3895	10	000
3896	10	000
3897	10	000
3898	10	000
3899	10	000
3900	10	000
3901	10	000
3902	10	000
3903	10	000
3904	10	000
3905	10	000
3906	10	000
3907	10	000
3908	10	000
3909	10	000
3910	10	000
3911	10	000
3912	10	000
3913	10	000
3914	10	000
3915	10	000
3916	10	000
3917	10	000
3918	10	000
3919	10	000
3920	10	000
3921	10	000
3922	10	000
3923	10	000
3924	10	000
3925	10	000
3926	10	000
3927	10	000
3928	10	000
3929	10	000
3930	10	000
3931	10	000
3932	10	000
3933	10	000
3934	10	000
3935	10	000
3936	10	000
3937	10	000
3938	10	000
3939	10	000
3940	10	000
3941	10	000
3942	10	000
3943	10	000
3944	10	000
3945	10	000
3946	10	000
3947	10	000
3948	10	000
3949	10	000
3950	10	000
3951	10	000
3952	10	000
3953	10	000
3954	10	000
3955	10	000
3956	10	000
3957	10	000
3958	10	000
3959	10	000
3960	10	000
3961	10	000
3962	10	000
3963	10	000
3964	10	000
3965	10	001
3966	10	001
3967	10	001
3968	10	001
3969	10	001
3970	10	001
3971	10	001
3972	10	001
3973	10	001
3974	10	001
3975	10	001
3976	10	001
3977	10	001
3978	10	001
3979	10	001
3980	10	001
3981	10	001
3982	10	001
3983	10	001
3984	10	001
3985	10	001
3986	10	001
3987	10	001
3988	10	001
3989	10	001
3990	10	001
3991	10	001
3992	10	001
3993	10	001
3994	10	001
3995	10	001
3996	10	001
3997	10	001
3998	10	001
3999	10	001
4000	10	001
4001	10	001
4002	10	001
4003	10	001
4004	10	001
4005	10	001
4006	10	001
4007	10	001
4008	10	001
4009	10	001
4010	10	001
4011	10	001
4012	10	001
4013	10	001
4014	10	001
4015	10	001
4016	10	001
4017	10	001
4018	10	001
4019	10	001
4020	10	001
4021	10	001
4022	10	001
4023	10	001
4024	10	001
4025	10	001
4026	10	001
4027	10	001
4028	10	001
4029	10	001
4030	10	001
4031	10	001
4032	10	001
4033	10	001
4034	10	001
4035	10	001
4036	10	001
4037	10	001
4038	10	001
4039	10	001
4040	10	001
4041	10	001
4042	10	001
4043	10	001
4044	10	001
4045	10	001
4046	10	001
4047	10	001
4048	10	001
4049	10	001
4050	10	001
4051	10	001
4052	10	001
4053	10	001
4054	10	001
4055	10	001
4056	10	001
4057	10	001
4058	10	001
4059	10	001
4060	10	001
4061	10	001
4062	10	001
4063	10	001
4064	10	001
4065	10	001
4066	10	001
4067	10	001
4068	10	001
4069	10	001
4070	10	001
4071	10	001
4072	10	001
4073	10	001
4074	10	001
4075	10	001
4076	10	001
4077	10	001
4078	10	001
4079	10	001
4080	10	001
4081	10	001
4082	10	001
4083	10	001
4084	10	001
4085	10	005
4086	10	005
4087	10	005
4088	10	005
4089	10	005
4090	10	005
4091	10	005
4092	10	005
4093	10	005
4094	10	005
4095	10	005
4096	10	005
4097	10	005
4098	10	005
4099	10	005
4100	10	005
4101	10	005
4102	10	005
4103	10	005
4104	10	005
4105	10	005
4106	10	005
4107	10	005
4108	10	005
4109	10	005
4110	10	005
4111	10	005
4112	10	005
4113	10	005
4114	10	005
4115	10	005
4116	10	005
4117	10	005
4118	10	005
4119	10	005
4120	10	005
4121	10	005
4122	10	005
4123	10	005
4124	10	005
4125	10	005
4126	10	005
4127	10	005
4128	10	005
4129	10	005
4130	10	005
4131	10	005
4132	10	005
4133	10	005
4134	10	005
4135	10	005
4136	10	005
4137	10	005
4138	10	005
4139	10	005
4140	10	005
4141	10	005
4142	10	005
4143	10	005
4144	10	005
4145	10	005
4146	10	005
4147	10	005
4148	10	005
4149	10	005
4150	10	005
4151	10	005
4152	10	005
4153	10	005
4154	10	005
4155	10	005
4156	10	005
4157	10	005
4158	10	005
4159	10	005
4160	10	005
4161	10	005
4162	10	005
4163	10	005
4164	10	005
4165	10	005
4166	10	005
4167	10	005
4168	10	005
4169	10	005
4170	10	007
4171	10	007
4172	10	007
4173	10	007
4174	10	007
4175	10	007
4176	10	007
4177	10	007
4178	10	007
4179	10	007
4180	10	007
4181	10	007
4182	10	007
4183	10	007
4184	10	007
4185	10	007
4186	10	007
4187	10	007
4188	10	007
4189	10	007
4190	10	007
4191	10	007
4192	10	007
4193	10	007
4194	10	007
4195	10	007
4196	10	007
4197	10	007
4198	10	007
4199	10	007
4200	10	007
4201	10	007
4202	10	007
4203	10	007
4204	10	007
4205	10	007
4206	10	007
4207	10	007
4208	10	007
4209	10	007
4210	10	007
4211	10	007
4212	10	007
4213	10	007
4214	10	007
4215	10	007
4216	10	007
4217	10	007
4218	10	007
4219	10	007
4220	10	007
4221	10	007
4222	10	007
4223	10	007
4224	10	007
4225	10	007
4226	10	007
4227	10	007
4228	10	007
4229	10	007
4230	10	007
4231	10	007
4232	10	007
4233	10	007
4234	10	007
4235	10	007
4236	10	007
4237	10	007
4238	10	007
4239	10	007
4240	10	007
4241	10	007
4242	10	007
4243	10	007
4244	10	007
4245	10	007
4246	10	007
4247	10	007
4248	10	007
4249	10	007
4250	10	007
4251	10	007
4252	10	007
4253	10	007
4254	10	007
4255	10	007
4256	10	007
4257	10	007
4258	10	007
4259	10	007
4260	10	007
4261	10	007
4262	10	007
4263	10	007
4264	10	007
4265	10	007
4266	10	007
4267	10	007
4268	10	007
4269	10	007
4270	10	007
4271	10	007
4272	10	007
4273	10	007
4274	10	007
4275	10	009
4276	10	009
4277	10	009
4278	10	009
4279	10	009
4280	10	009
4281	10	009
4282	10	009
4283	10	009
4284	10	009
4285	10	009
4286	10	009
4287	10	009
4288	10	009
4289	10	009
4290	10	009
4291	10	009
4292	10	009
4293	10	009
4294	10	009
4295	10	009
4296	10	009
4297	10	009
4298	10	009
4299	10	009
4300	10	009
4301	10	009
4302	10	009
4303	10	009
4304	10	009
4305	10	009
4306	10	009
4307	10	009
4308	10	009
4309	10	009
4310	10	009
4311	10	009
4312	10	009
4313	10	009
4314	10	009
4315	10	009
4316	10	009
4317	10	009
4318	10	009
4319	10	009
4320	10	009
4321	10	009
4322	10	009
4323	10	009
4324	10	009
4325	10	009
4326	10	009
4327	10	009
4328	10	009
4329	10	009
4330	10	009
4331	10	009
4332	10	009
4333	10	009
4334	10	009
4335	10	009
4336	10	009
4337	10	009
4338	10	009
4339	10	009
4340	10	009
4341	10	009
4342	10	009
4343	10	009
4344	10	009
4345	10	009
4346	10	009
4347	10	009
4348	10	011
4349	10	011
4350	10	011
4351	10	011
4352	10	011
4353	10	011
4354	10	011
4355	10	011
4356	10	011
4357	10	011
4358	10	011
4359	10	011
4360	10	011
4361	10	011
4362	10	011
4363	10	011
4364	10	011
4365	10	011
4366	10	011
4367	10	011
4368	10	011
4369	10	011
4370	10	011
4371	10	011
4372	10	011
4373	10	011
4374	10	011
4375	10	011
4376	10	011
4377	10	011
4378	10	011
4379	10	011
4380	10	011
4381	10	011
4382	10	011
4383	10	011
4384	10	011
4385	10	011
4386	10	011
4387	10	011
4388	10	011
4389	10	011
4390	10	011
4391	10	011
4392	10	011
4393	10	011
4394	10	011
4395	10	011
4396	10	011
4397	10	011
4398	10	011
4399	10	011
4400	10	011
4401	10	011
4402	10	011
4403	10	011
4404	10	011
4405	10	011
4406	10	011
4407	10	011
4408	10	011
4409	10	011
4410	10	011
4411	10	011
4412	10	011
4413	10	011
4414	10	011
4415	10	011
4416	10	011
4417	10	011
4418	10	011
4419	10	011
4420	10	011
4421	10	011
4422	10	011
4423	10	011
4424	10	011
4425	10	011
4426	10	011
4427	10	011
4428	10	011
4429	10	011
4430	10	011
4431	10	011
4432	10	011
4433	10	011
4434	10	011
4435	10	011
4436	10	011
4437	10	011
4438	10	011
4439	10	013
4440	10	013
4441	10	013
4442	10	013
4443	10	013
4444	10	013
4445	10	013
4446	10	013
4447	10	013
4448	10	013
4449	10	013
4450	10	013
4451	10	013
4452	10	013
4453	10	013
4454	10	013
4455	10	013
4456	10	013
4457	10	013
4458	10	013
4459	10	013
4460	10	013
4461	10	013
4462	10	013
4463	10	013
4464	10	013
4465	10	013
4466	10	013
4467	10	013
4468	10	013
4469	10	013
4470	10	013
4471	10	013
4472	10	013
4473	10	013
4474	10	013
4475	10	013
4476	10	013
4477	10	013
4478	10	013
4479	10	013
4480	10	013
4481	10	013
4482	10	013
4483	10	013
4484	10	013
4485	10	013
4486	10	013
4487	10	013
4488	10	013
4489	10	013
4490	10	013
4491	10	013
4492	10	013
4493	10	013
4494	10	013
4495	10	013
4496	10	013
4497	10	013
4498	10	013
4499	10	013
4500	10	013
4501	10	025
4502	10	025
4503	10	025
4504	10	025
4505	10	025
4506	10	025
4507	10	025
4508	10	025
4509	10	025
4510	10	025
4511	10	025
4512	10	025
4513	10	025
4514	10	025
4515	10	025
4516	10	025
4517	10	025
4518	10	030
4519	10	030
4520	10	030
4521	10	030
4522	10	030
4523	10	030
4524	10	030
4525	10	030
4526	10	030
4527	10	030
4528	10	030
4529	10	030
4530	10	030
4531	10	030
4532	10	030
4533	10	030
4534	10	030
4535	10	030
4536	10	030
4537	10	030
4538	10	030
4539	10	030
4540	10	030
4541	10	030
4542	10	203
4543	10	203
4544	10	203
4545	10	203
4546	10	203
4547	10	203
4548	10	203
4549	10	203
4550	10	203
4551	10	203
4552	10	203
4553	10	203
4554	10	203
4555	10	203
4556	10	203
4557	10	203
4558	10	203
4559	10	203
4560	10	203
4561	10	203
4562	10	203
4563	10	203
4564	10	203
4565	10	203
4566	10	203
4567	10	203
4568	10	203
4569	10	203
4570	10	203
4571	10	203
4572	10	203
4573	10	203
4574	10	203
4575	10	203
4576	10	203
4577	10	203
4578	10	203
4579	10	203
4580	10	203
4581	10	203
4582	10	203
4583	10	203
4584	10	203
4585	10	203
4586	10	203
4587	10	203
4588	10	203
4589	10	203
4590	10	203
4591	10	203
4592	10	203
4593	10	203
4594	10	203
4595	10	203
4596	10	203
4597	10	203
4598	10	203
4599	10	203
4600	10	203
4601	10	203
4602	10	203
4603	10	203
4604	10	203
4605	10	203
4606	10	203
4607	10	203
4608	10	203
4609	10	203
4610	10	203
4611	10	203
4612	10	203
4613	10	203
4614	10	203
4615	10	203
4616	10	203
4617	10	203
4618	10	203
4619	10	203
4620	10	203
4621	10	203
4622	10	203
4623	10	203
4624	10	203
4625	10	203
4626	10	203
4627	10	203
4628	10	203
4629	10	203
4630	10	203
4631	10	203
4632	10	203
4633	10	203
4634	10	203
4635	10	203
4636	10	203
4637	10	203
4638	10	203
4639	10	203
4640	10	203
4641	10	203
4642	10	203
4643	10	203
4644	10	203
4645	10	203
4646	10	203
4647	10	203
4648	10	203
4649	10	203
4650	10	203
4651	10	203
4652	10	203
4653	10	203
4654	10	203
4655	10	203
4656	10	203
4657	10	203
4658	10	203
4659	10	203
4660	10	203
4661	10	203
4662	10	203
4663	10	203
4664	10	203
4665	10	203
4666	10	203
4667	10	203
4668	10	203
4669	10	203
4670	10	203
4671	10	203
4672	10	203
4673	10	203
4674	10	203
4675	10	203
4676	10	203
4677	10	203
4678	10	203
4679	10	203
4680	10	203
4681	10	203
4682	10	203
4683	10	203
4684	10	203
4685	10	203
4686	10	203
4687	10	203
4688	10	203
4689	10	203
4690	10	203
4691	10	203
4692	10	203
4693	10	203
4694	10	203
4695	10	203
4696	10	203
4697	10	203
4698	10	203
4699	10	203
4700	10	203
4701	10	203
4702	10	203
4703	10	203
4704	10	203
4705	10	203
4706	10	203
4707	10	203
4708	10	203
4709	10	203
4710	10	203
4711	10	203
4712	10	203
4713	10	203
4714	10	203
4715	10	203
4716	10	203
4717	10	203
4718	10	203
4719	10	203
4720	10	203
4721	10	203
4722	10	203
4723	10	203
4724	10	203
4725	10	203
4726	10	203
4727	10	203
4728	10	203
4729	10	203
4730	10	203
4731	10	203
4732	10	203
4733	10	203
4734	10	203
4735	10	203
4736	10	203
4737	10	203
4738	10	203
4739	10	203
4740	10	203
4741	10	203
4742	10	203
4743	10	203
4744	10	203
4745	10	203
4746	10	203
4747	10	203
4748	10	203
4749	10	203
4750	10	203
4751	10	203
4752	10	203
4753	10	203
4754	10	203
4755	10	203
4756	10	203
4757	10	203
4758	10	203
4759	10	203
4760	10	203
4761	10	203
4762	10	203
4763	10	203
4764	10	203
4765	10	203
4766	10	203
4767	10	203
4768	10	203
4769	10	203
4770	10	203
4771	10	203
4772	10	203
4773	10	203
4774	10	203
4775	10	203
4776	10	203
4777	10	203
4778	10	203
4779	10	203
4780	10	203
4781	10	203
4782	10	203
4783	10	203
4784	10	203
4785	10	203
4786	10	203
4787	10	203
4788	10	203
4789	10	203
4790	10	203
4791	10	203
4792	10	203
4793	10	203
4794	10	203
4795	10	203
4796	10	203
4797	10	203
4798	10	203
4799	10	203
4800	10	203
4801	10	203
4802	10	203
4803	10	203
4804	10	203
4805	10	203
4806	10	203
4807	10	203
4808	10	203
4809	10	203
4810	10	203
4811	10	203
4812	10	203
4813	10	203
4814	10	203
4815	10	203
4816	10	203
4817	10	203
4818	10	204
4819	10	204
4820	10	204
4821	10	204
4822	10	204
4823	10	204
4824	10	204
4825	10	204
4826	10	204
4827	10	204
4828	10	204
4829	10	204
4830	10	204
4831	10	204
4832	10	204
4833	10	204
4834	10	204
4835	10	204
4836	10	204
4837	10	204
4838	10	204
4839	10	204
4840	10	204
4841	10	204
4842	10	204
4843	10	204
4844	10	204
4845	10	204
4846	10	204
4847	10	204
4848	10	204
4849	10	204
4850	10	204
4851	10	204
4852	10	204
4853	10	204
4854	10	204
4855	10	204
4856	10	204
4857	10	204
4858	10	204
4859	10	204
4860	10	204
4861	10	204
4862	10	204
4863	10	204
4864	10	204
4865	10	204
4866	10	204
4867	10	204
4868	10	204
4869	10	204
4870	10	204
4871	10	204
4872	10	204
4873	10	204
4874	10	204
4875	10	204
4876	10	204
4877	10	204
4878	10	204
4879	10	204
4880	10	204
4881	10	204
4882	10	204
4883	10	204
4884	10	204
4885	10	204
4886	10	204
4887	10	206
4888	10	206
4889	10	206
4890	10	206
4891	10	206
4892	10	206
4893	10	206
4894	10	206
4895	10	206
4896	10	206
4897	10	206
4898	10	206
4899	10	206
4900	10	206
4901	10	206
4902	10	206
4903	10	206
4904	10	206
4905	10	206
4906	10	206
4907	10	206
4908	10	206
4909	10	206
4910	10	206
4911	10	206
4912	10	206
4913	10	206
4914	10	206
4915	10	206
4916	10	206
4917	10	206
4918	10	206
4919	10	206
4920	10	206
4921	10	206
4922	10	206
4923	10	206
4924	10	206
4925	10	206
4926	10	206
4927	10	206
4928	10	206
4929	10	206
4930	10	206
4931	10	206
4932	10	206
4933	10	206
4934	10	206
4935	10	206
4936	10	206
4937	10	206
4938	10	206
4939	10	206
4940	10	206
4941	10	206
4942	10	206
4943	10	206
4944	10	206
4945	10	206
4946	10	206
4947	10	206
4948	10	206
4949	10	206
4950	10	206
4951	10	206
4952	10	206
4953	10	206
4954	10	206
4955	10	206
4956	10	206
4957	10	206
4958	10	206
4959	10	206
4960	10	206
4961	10	206
4962	10	206
4963	10	206
4964	10	206
4965	10	206
4966	10	206
4967	10	206
4968	10	206
4969	10	206
4970	10	206
4971	10	206
4972	10	206
4973	10	206
4974	10	206
4975	10	206
4976	10	206
4977	10	206
4978	10	206
4979	10	206
4980	10	206
4981	10	206
4982	10	206
4983	10	206
4984	10	206
4985	10	206
4986	10	206
4987	10	206
4988	10	206
4989	10	206
4990	10	206
4991	10	206
4992	10	206
4993	10	206
4994	10	206
4995	10	206
4996	10	206
4997	10	206
4998	10	206
4999	10	206
5000	10	206
5001	10	206
5002	10	206
5003	10	206
5004	10	206
5005	10	206
5006	10	206
5007	10	206
5008	10	206
5009	10	206
5010	10	206
5011	10	206
5012	10	206
5013	10	206
5014	10	206
5015	10	206
5016	10	206
5017	10	206
5018	10	206
5019	10	206
5020	10	206
5021	10	206
5022	10	206
5023	10	206
5024	10	206
5025	10	206
5026	10	206
5027	10	206
5028	10	206
5029	10	206
5030	10	206
5031	10	206
5032	10	206
5033	10	206
5034	10	206
5035	10	206
5036	10	206
5037	10	206
5038	10	206
5039	10	206
5040	10	206
5041	10	206
5042	10	206
5043	10	206
5044	10	206
5045	10	206
5046	10	206
5047	10	206
5048	10	206
5049	10	206
5050	10	206
5051	10	206
5052	10	206
5053	10	206
5054	10	206
5055	10	206
5056	10	206
5057	10	206
5058	10	206
5059	10	206
5060	10	206
5061	10	206
5062	10	206
5063	10	206
5064	10	206
5065	10	206
5066	10	206
5067	10	206
5068	10	206
5069	10	206
5070	10	206
5071	10	206
5072	10	206
5073	10	206
5074	10	206
5075	10	206
5076	10	206
5077	10	206
5078	10	206
5079	10	206
5080	10	206
5081	10	206
5082	10	206
5083	10	206
5084	10	206
5085	10	206
5086	10	206
5087	10	206
5088	10	206
5089	10	206
5090	10	206
5091	10	206
5092	10	206
5093	10	207
5094	10	207
5095	10	207
5096	10	207
5097	10	207
5098	10	207
5099	10	207
5100	10	207
5101	10	207
5102	10	207
5103	10	207
5104	10	207
5105	10	207
5106	10	207
5107	10	207
5108	10	207
5109	10	207
5110	10	207
5111	10	207
5112	10	207
5113	10	207
5114	10	207
5115	10	207
5116	10	207
5117	10	207
5118	10	207
5119	10	207
5120	10	207
5121	10	207
5122	10	207
5123	10	207
5124	10	207
5125	10	207
5126	10	207
5127	10	207
5128	10	207
5129	10	207
5130	10	207
5131	10	207
5132	10	207
5133	10	207
5134	10	207
5135	10	207
5136	10	207
5137	10	207
5138	10	207
5139	10	207
5140	10	207
5141	10	207
5142	10	207
5143	10	207
5144	10	207
5145	10	207
5146	10	207
5147	10	207
5148	10	207
5149	10	207
5150	10	207
5151	10	207
5152	10	207
5153	10	207
5154	10	207
5155	10	207
5156	10	207
5157	10	207
5158	10	207
5159	10	207
5160	10	207
5161	10	207
5162	10	207
5163	10	207
5164	10	207
5165	10	207
5166	10	207
5167	10	207
5168	10	207
5169	10	207
5170	10	207
5171	10	207
5172	10	207
5173	10	207
5174	10	207
5175	10	207
5176	10	207
5177	10	207
5178	10	207
5179	10	207
5180	10	207
5181	10	210
5182	10	210
5183	10	210
5184	10	210
5185	10	210
5186	10	210
5187	10	210
5188	10	210
5189	10	210
5190	10	210
5191	10	210
5192	10	210
5193	10	210
5194	10	210
5195	10	210
5196	10	210
5197	10	210
5198	10	210
5199	10	210
5200	10	210
5201	10	210
5202	10	210
5203	10	210
5204	10	210
5205	10	210
5206	10	210
5207	10	210
5208	10	210
5209	10	210
5210	10	210
5211	10	210
5212	10	210
5213	10	210
5214	10	210
5215	10	210
5216	10	210
5217	10	210
5218	10	210
5219	10	210
5220	10	210
5221	10	210
5222	10	210
5223	10	210
5224	10	210
5225	10	210
5226	10	210
5227	10	210
5228	10	210
5229	10	210
5230	10	210
5231	10	210
5232	10	210
5233	10	210
5234	10	210
5235	10	210
5236	10	210
5237	10	210
5238	10	210
5239	10	210
5240	10	210
5241	10	210
5242	10	210
5243	10	210
5244	10	210
5245	10	210
5246	10	210
5247	10	210
5248	10	210
5249	10	210
5250	10	210
5251	10	210
5252	10	210
5253	10	210
5254	10	210
5255	10	210
5256	10	210
5257	10	210
5258	10	210
5259	10	210
5260	10	210
5261	10	210
5262	10	210
5263	10	210
5264	10	210
5265	10	210
5266	10	210
5267	10	210
5268	10	210
5269	10	210
5270	10	210
5271	10	210
5272	10	210
5273	10	210
5274	10	210
5275	10	210
5276	10	210
5277	10	210
5279	10	210
5280	10	210
5281	10	210
5282	10	210
5283	10	210
5284	10	210
5285	10	210
5286	10	210
5287	10	210
5288	10	210
5289	10	210
5290	10	210
5291	10	210
5292	10	210
5293	10	210
5294	10	210
5295	10	210
5296	10	210
5297	10	210
5298	10	210
5299	10	210
5300	10	210
5301	10	210
5302	10	210
5303	10	210
5304	10	210
5305	10	210
5306	10	210
5307	10	210
5308	10	210
5309	10	210
5310	10	210
5311	10	210
5312	10	210
5313	10	210
5314	10	210
5315	10	210
5316	10	210
5317	10	210
5318	10	210
5319	10	210
5320	10	210
5321	10	210
5322	10	210
5323	10	210
5324	10	210
5325	10	210
5326	10	210
5327	10	210
5328	10	210
5329	10	210
5330	10	210
5331	10	210
5332	10	210
5333	10	210
5334	10	210
5335	10	210
5336	10	210
5337	10	210
5338	10	210
5339	10	210
5340	10	210
5341	10	210
5342	10	210
5343	10	210
5344	10	210
5345	10	210
5346	10	210
5347	10	210
5348	10	210
5349	10	210
5350	10	210
5351	10	210
5352	10	210
5353	10	210
5354	10	210
5355	10	210
5356	10	210
5357	10	210
5358	10	210
5359	10	210
5360	10	210
5361	10	210
5362	10	210
5363	10	210
5364	10	210
5365	10	210
5366	10	210
5367	10	210
5368	10	210
5369	10	210
5370	10	210
5371	10	210
5372	10	210
5373	10	210
5374	10	210
5375	10	210
5376	10	210
5377	10	210
5378	10	210
5379	10	210
5380	10	210
5381	10	210
5382	10	210
5383	10	210
5384	10	210
5385	10	210
5386	10	210
5387	10	210
5388	10	210
5389	10	210
5390	10	210
5391	10	210
5392	10	210
5393	10	210
5394	10	210
5395	10	210
5396	10	210
5397	10	210
5398	10	210
5399	10	210
5400	10	210
5401	10	210
5402	10	210
5403	10	210
5404	10	210
5405	10	210
5406	10	210
5407	10	210
5408	10	210
5409	10	210
5410	10	210
5411	10	210
5412	10	210
5413	10	210
5414	10	210
5415	10	210
5416	10	210
5417	10	210
5418	10	210
5419	10	210
5420	10	210
5421	10	210
5422	10	210
5423	10	210
5424	10	210
5425	10	210
5426	10	210
5427	10	210
5428	10	210
5429	10	210
5430	10	210
5431	10	210
5432	10	210
5433	10	210
5434	10	210
5435	10	210
5436	10	210
5437	10	210
5438	10	210
5439	10	210
5440	10	210
5441	10	210
5442	10	210
5443	10	210
5444	10	210
5445	10	210
5446	10	210
5447	10	210
5448	10	210
5449	10	210
5450	10	210
5451	10	214
5452	10	214
5453	10	214
5454	10	214
5455	10	214
5456	10	214
5457	10	214
5458	10	214
5459	10	214
5460	10	214
5461	10	214
5462	10	214
5463	10	214
5464	10	214
5465	10	214
5466	10	214
5467	10	214
5468	10	214
5469	10	214
5470	10	214
5471	10	214
5472	10	214
5473	10	214
5474	10	214
5475	10	214
5476	10	214
5477	10	214
5478	10	214
5479	10	214
5480	10	214
5481	10	214
5482	10	214
5483	10	214
5484	10	214
5485	10	214
5486	10	214
5487	10	214
5488	10	214
5489	10	214
5490	10	214
5491	10	214
5492	10	214
5493	10	214
5494	10	214
5495	10	214
5496	10	214
5497	10	214
5498	10	214
5499	10	214
5500	10	214
5501	10	214
5502	10	214
5503	10	214
5504	10	214
5505	10	214
5506	10	214
5507	10	214
5508	10	214
5509	10	214
5510	10	214
5511	10	214
5512	10	214
5513	10	214
5514	10	214
5515	10	214
5516	10	214
5517	10	214
5518	10	214
5519	10	214
5520	10	214
5521	10	214
5522	10	214
5523	10	214
5524	10	214
5525	10	214
5526	10	214
5527	10	214
5528	10	214
5529	10	214
5530	10	214
5531	10	214
5532	10	214
5533	10	214
5534	10	214
5535	10	214
5536	10	214
5537	10	214
5538	10	214
5539	11	000
5540	11	000
5541	11	000
5542	11	000
5543	11	000
5544	11	000
5545	11	000
5546	11	000
5547	11	000
5548	11	000
5549	11	000
5550	11	000
5551	11	000
5552	11	000
5553	11	000
5554	11	000
5555	11	000
5556	11	000
5557	11	000
5558	11	000
5559	11	000
5560	11	000
5561	11	000
5562	11	000
5563	11	000
5564	11	000
5565	11	000
5566	11	000
5567	11	000
5568	11	000
5569	11	000
5570	11	000
5571	11	000
5572	11	000
5573	11	000
5574	11	000
5575	11	000
5576	11	000
5577	11	000
5578	11	000
5579	11	000
5580	11	000
5581	11	000
5582	11	000
5583	11	000
5584	11	000
5585	11	000
5586	11	000
5587	11	000
5588	11	000
5589	11	000
5590	11	000
5591	11	000
5592	11	000
5593	11	000
5594	11	000
5595	11	000
5596	11	000
5597	11	000
5598	11	000
5599	11	000
5600	11	000
5601	11	000
5602	11	000
5603	11	000
5604	11	000
5605	11	000
5606	11	000
5607	11	000
5608	11	000
5609	11	000
5610	11	000
5611	11	000
5612	11	000
5613	11	000
5614	11	000
5615	11	000
5616	11	000
5617	11	000
5618	11	000
5619	11	000
5620	11	000
5621	11	000
5622	11	000
5623	11	000
5624	11	000
5625	11	000
5626	11	000
5627	11	000
5628	11	000
5629	11	000
5630	11	000
5631	11	000
5632	11	000
5633	11	000
5634	11	000
5635	11	000
5636	11	000
5637	11	000
5638	11	000
5639	11	000
5640	11	000
5641	11	000
5642	11	000
5643	11	000
5644	11	000
5645	11	000
5646	11	000
5647	11	000
5648	11	000
5649	11	000
5650	11	000
5651	11	000
5652	11	000
5653	11	000
5654	11	000
5655	11	000
5656	11	000
5657	11	000
5658	11	000
5659	11	000
5660	11	000
5661	11	000
5662	11	000
5663	11	000
5664	11	000
5665	11	000
5666	11	000
5667	11	000
5668	11	000
5669	11	000
5670	11	000
5671	11	000
5672	11	000
5673	11	000
5674	11	000
5675	11	000
5676	11	000
5677	11	000
5678	11	000
5679	11	000
5680	11	000
5681	11	000
5682	11	000
5683	11	000
5684	11	000
5685	11	000
5686	11	000
5687	11	000
5688	11	000
5689	11	000
5690	11	000
5691	11	000
5692	11	000
5693	11	000
5694	11	000
5695	11	000
5696	11	000
5697	11	000
5698	11	000
5699	11	000
5700	11	000
5701	11	000
5702	11	000
5703	11	000
5704	11	000
5705	11	000
5706	11	000
5707	11	000
5708	11	000
5709	11	000
5710	11	000
5711	11	000
5712	11	000
5713	11	000
5714	11	000
5715	11	000
5716	11	000
5717	11	000
5718	11	000
5719	11	000
5720	11	000
5721	11	000
5722	11	000
5723	11	000
5724	11	000
5725	11	000
5726	11	000
5727	11	000
5728	11	000
5729	11	000
5730	11	000
5731	11	000
5732	11	000
5733	11	000
5734	11	000
5735	11	000
5736	11	000
5737	11	000
5738	11	000
5739	11	001
5740	11	001
5741	11	001
5742	11	001
5743	11	001
5744	11	001
5745	11	001
5746	11	001
5747	11	001
5748	11	001
5749	11	001
5750	11	001
5751	11	001
5752	11	001
5753	11	001
5754	11	001
5755	11	001
5756	11	001
5757	11	001
5758	11	001
5759	11	001
5760	11	001
5761	11	001
5762	11	001
5763	11	001
5764	11	001
5765	11	001
5766	11	001
5767	11	001
5768	11	001
5769	11	001
5770	11	001
5771	11	001
5772	11	001
5773	11	001
5774	11	001
5775	11	001
5776	11	001
5777	11	001
5778	11	001
5779	11	001
5780	11	001
5781	11	001
5782	11	001
5783	11	001
5784	11	001
5785	11	001
5786	11	001
5787	11	001
5788	11	001
5789	11	001
5790	11	001
5791	11	001
5792	11	001
5793	11	001
5794	11	001
5795	11	001
5796	11	001
5797	11	001
5798	11	001
5799	11	001
5800	11	001
5801	11	001
5802	11	001
5803	11	001
5804	11	001
5805	11	001
5806	11	001
5807	11	001
5808	11	001
5809	11	001
5810	11	001
5811	11	001
5812	11	001
5813	11	001
5814	11	001
5815	11	001
5816	11	001
5817	11	001
5818	11	001
5819	11	001
5820	11	001
5821	11	001
5822	11	001
5823	11	001
5824	11	001
5825	11	001
5826	11	001
5827	11	001
5828	11	001
5829	11	001
5830	11	001
5831	11	001
5832	11	001
5833	11	001
5834	11	001
5835	11	001
5836	11	001
5837	11	001
5838	11	001
5839	11	001
5840	11	001
5841	11	001
5842	11	001
5843	11	001
5844	11	001
5845	11	001
5846	11	001
5847	11	001
5848	11	001
5849	11	001
5850	11	001
5851	11	001
5852	11	001
5853	11	001
5854	11	001
5855	11	001
5856	11	001
5857	11	001
5858	11	001
5859	11	001
5860	11	001
5861	11	001
5862	11	001
5863	11	001
5864	11	001
5865	11	005
5866	11	005
5867	11	005
5868	11	005
5869	11	005
5870	11	005
5871	11	005
5872	11	005
5873	11	005
5874	11	005
5875	11	005
5876	11	005
5877	11	005
5878	11	005
5879	11	005
5880	11	005
5881	11	005
5882	11	005
5883	11	005
5884	11	005
5885	11	005
5886	11	005
5887	11	005
5888	11	005
5889	11	005
5890	11	005
5891	11	005
5892	11	005
5893	11	005
5894	11	005
5895	11	005
5896	11	005
5897	11	005
5898	11	005
5899	11	005
5900	11	005
5901	11	005
5902	11	005
5903	11	005
5904	11	005
5905	11	005
5906	11	005
5907	11	005
5908	11	005
5909	11	005
5910	11	005
5911	11	005
5912	11	005
5913	11	005
5914	11	005
5915	11	005
5916	11	005
5917	11	005
5918	11	005
5919	11	005
5920	11	005
5921	11	005
5922	11	005
5923	11	005
5924	11	005
5925	11	005
5926	11	005
5927	11	005
5928	11	005
5929	11	005
5930	11	005
5931	11	005
5932	11	005
5933	11	005
5934	11	005
5935	11	005
5936	11	005
5937	11	005
5938	11	005
5939	11	005
5940	11	005
5941	11	005
5942	11	005
5943	11	007
5944	11	007
5945	11	007
5946	11	007
5947	11	007
5948	11	007
5949	11	007
5950	11	007
5951	11	007
5952	11	007
5953	11	007
5954	11	007
5955	11	007
5956	11	007
5957	11	007
5958	11	007
5959	11	007
5960	11	007
5961	11	007
5962	11	007
5963	11	007
5964	11	007
5965	11	007
5966	11	007
5967	11	007
5968	11	007
5969	11	007
5970	11	007
5971	11	007
5972	11	007
5973	11	007
5974	11	007
5975	11	007
5976	11	007
5977	11	007
5978	11	007
5979	11	007
5980	11	007
5981	11	007
5982	11	007
5983	11	007
5984	11	007
5985	11	007
5986	11	007
5987	11	007
5988	11	007
5989	11	007
5990	11	007
5991	11	007
5992	11	007
5993	11	007
5994	11	007
5995	11	007
5996	11	007
5997	11	007
5998	11	007
5999	11	007
6000	11	007
6001	11	007
6002	11	007
6003	11	007
6004	11	007
6005	11	007
6006	11	007
6007	11	007
6008	11	007
6009	11	007
6010	11	007
6011	11	007
6012	11	007
6013	11	007
6014	11	007
6015	11	007
6016	11	007
6017	11	007
6018	11	007
6019	11	007
6020	11	007
6021	11	007
6022	11	007
6023	11	007
6024	11	007
6025	11	007
6026	11	007
6027	11	007
6028	11	007
6029	11	007
6030	11	007
6031	11	007
6032	11	007
6033	11	007
6034	11	007
6035	11	007
6036	11	007
6037	11	007
6038	11	007
6039	11	007
6040	11	007
6041	11	007
6042	11	009
6043	11	009
6044	11	009
6045	11	009
6046	11	009
6047	11	009
6048	11	009
6049	11	009
6050	11	009
6051	11	009
6052	11	009
6053	11	009
6054	11	009
6055	11	009
6056	11	009
6057	11	009
6058	11	009
6059	11	009
6060	11	009
6061	11	009
6062	11	009
6063	11	009
6064	11	009
6065	11	009
6066	11	009
6067	11	009
6068	11	009
6069	11	009
6070	11	009
6071	11	009
6072	11	009
6073	11	009
6074	11	009
6075	11	009
6076	11	009
6077	11	009
6078	11	009
6079	11	009
6080	11	009
6081	11	009
6082	11	009
6083	11	009
6084	11	009
6085	11	009
6086	11	009
6087	11	009
6088	11	009
6089	11	009
6090	11	009
6091	11	009
6092	11	009
6093	11	009
6094	11	009
6095	11	009
6096	11	009
6097	11	009
6098	11	009
6099	11	009
6100	11	009
6101	11	009
6102	11	009
6103	11	009
6104	11	009
6105	11	009
6106	11	009
6107	11	009
6108	11	009
6109	11	009
6110	11	009
6111	11	009
6112	11	009
6113	11	009
6114	11	011
6115	11	011
6116	11	011
6117	11	011
6118	11	011
6119	11	011
6120	11	011
6121	11	011
6122	11	011
6123	11	011
6124	11	011
6125	11	011
6126	11	011
6127	11	011
6128	11	011
6129	11	011
6130	11	011
6131	11	011
6132	11	011
6133	11	011
6134	11	011
6135	11	011
6136	11	011
6137	11	011
6138	11	011
6139	11	011
6140	11	011
6141	11	011
6142	11	011
6143	11	011
6144	11	011
6145	11	011
6146	11	011
6147	11	011
6148	11	011
6149	11	011
6150	11	011
6151	11	011
6152	11	011
6153	11	011
6154	11	011
6155	11	011
6156	11	011
6157	11	011
6158	11	011
6159	11	011
6160	11	011
6161	11	011
6162	11	011
6163	11	011
6164	11	011
6165	11	011
6166	11	011
6167	11	011
6168	11	011
6169	11	011
6170	11	011
6171	11	011
6172	11	011
6173	11	011
6174	11	011
6175	11	011
6176	11	011
6177	11	011
6178	11	011
6179	11	011
6180	11	011
6181	11	011
6182	11	011
6183	11	011
6184	11	011
6185	11	011
6186	11	011
6187	11	011
6188	11	011
6189	11	011
6190	11	011
6191	11	011
6192	11	011
6193	11	011
6194	11	011
6195	11	011
6196	11	011
6197	11	011
6198	11	011
6199	11	011
6200	11	011
6201	11	011
6202	11	011
6203	11	011
6204	11	011
6205	11	011
6206	11	013
6207	11	013
6208	11	013
6209	11	013
6210	11	013
6211	11	013
6212	11	013
6213	11	013
6214	11	013
6215	11	013
6216	11	013
6217	11	013
6218	11	013
6219	11	013
6220	11	013
6221	11	013
6222	11	013
6223	11	013
6224	11	013
6225	11	013
6226	11	013
6227	11	013
6228	11	013
6229	11	013
6230	11	013
6231	11	013
6232	11	013
6233	11	013
6234	11	013
6235	11	013
6236	11	013
6237	11	013
6238	11	013
6239	11	013
6240	11	013
6241	11	013
6242	11	013
6243	11	013
6244	11	013
6245	11	013
6246	11	013
6247	11	013
6248	11	013
6249	11	013
6250	11	013
6251	11	013
6252	11	013
6253	11	013
6254	11	013
6255	11	013
6256	11	013
6257	11	013
6258	11	013
6259	11	013
6260	11	013
6261	11	013
6262	11	013
6263	11	013
6264	11	025
6265	11	025
6266	11	025
6267	11	025
6268	11	025
6269	11	025
6270	11	025
6271	11	025
6272	11	025
6273	11	025
6274	11	025
6275	11	025
6276	11	025
6277	11	025
6278	11	025
6279	11	030
6280	11	030
6281	11	030
6282	11	030
6283	11	030
6284	11	030
6285	11	030
6286	11	030
6287	11	030
6288	11	030
6289	11	030
6290	11	030
6291	11	030
6292	11	030
6293	11	030
6294	11	030
6295	11	030
6296	11	030
6297	11	030
6298	11	030
6299	11	030
6300	11	030
6301	11	030
6302	11	203
6303	11	203
6304	11	203
6305	11	203
6306	11	203
6307	11	203
6308	11	203
6309	11	203
6310	11	203
6311	11	203
6312	11	203
6313	11	203
6314	11	203
6315	11	203
6316	11	203
6317	11	203
6318	11	203
6319	11	203
6320	11	203
6321	11	203
6322	11	203
6323	11	203
6324	11	203
6325	11	203
6326	11	203
6327	11	203
6328	11	203
6329	11	203
6330	11	203
6331	11	203
6332	11	203
6333	11	203
6334	11	203
6335	11	203
6336	11	203
6337	11	203
6338	11	203
6339	11	203
6340	11	203
6341	11	203
6342	11	203
6343	11	203
6344	11	203
6345	11	203
6346	11	203
6347	11	203
6348	11	203
6349	11	203
6350	11	203
6351	11	203
6352	11	203
6353	11	203
6354	11	203
6355	11	203
6356	11	203
6357	11	203
6358	11	203
6359	11	203
6360	11	203
6361	11	203
6362	11	203
6363	11	203
6364	11	203
6365	11	203
6366	11	203
6367	11	203
6368	11	203
6369	11	203
6370	11	203
6371	11	203
6372	11	203
6373	11	203
6374	11	203
6375	11	203
6376	11	203
6377	11	203
6378	11	203
6379	11	203
6380	11	203
6381	11	203
6382	11	203
6383	11	203
6384	11	203
6385	11	203
6386	11	203
6387	11	203
6388	11	203
6389	11	203
6390	11	203
6391	11	203
6392	11	203
6393	11	203
6394	11	203
6395	11	203
6396	11	203
6397	11	203
6398	11	203
6399	11	203
6400	11	203
6401	11	203
6402	11	203
6403	11	203
6404	11	203
6405	11	203
6406	11	203
6407	11	203
6408	11	203
6409	11	203
6410	11	203
6411	11	203
6412	11	203
6413	11	203
6414	11	203
6415	11	203
6416	11	203
6417	11	203
6418	11	203
6419	11	203
6420	11	203
6421	11	203
6422	11	203
6423	11	203
6424	11	203
6425	11	203
6426	11	203
6427	11	203
6428	11	203
6429	11	203
6430	11	203
6431	11	203
6432	11	203
6433	11	203
6434	11	203
6435	11	203
6436	11	203
6437	11	203
6438	11	203
6439	11	203
6440	11	203
6441	11	203
6442	11	203
6443	11	203
6444	11	203
6445	11	203
6446	11	203
6447	11	203
6448	11	203
6449	11	203
6450	11	203
6451	11	203
6452	11	203
6453	11	203
6454	11	203
6455	11	203
6456	11	203
6457	11	203
6458	11	203
6459	11	203
6460	11	203
6461	11	203
6462	11	203
6463	11	203
6464	11	203
6465	11	203
6466	11	203
6467	11	203
6468	11	203
6469	11	203
6470	11	203
6471	11	203
6472	11	203
6473	11	203
6474	11	203
6475	11	203
6476	11	203
6477	11	203
6478	11	203
6479	11	203
6480	11	203
6481	11	203
6482	11	203
6483	11	203
6484	11	203
6485	11	203
6486	11	203
6487	11	203
6488	11	203
6489	11	203
6490	11	203
6491	11	203
6492	11	203
6493	11	203
6494	11	203
6495	11	203
6496	11	203
6497	11	203
6498	11	203
6499	11	203
6500	11	203
6501	11	203
6502	11	203
6503	11	203
6504	11	203
6505	11	203
6506	11	203
6507	11	203
6508	11	203
6509	11	203
6510	11	203
6511	11	203
6512	11	203
6513	11	203
6514	11	203
6515	11	203
6516	11	203
6517	11	203
6518	11	203
6519	11	203
6520	11	203
6521	11	203
6522	11	203
6523	11	203
6524	11	203
6525	11	203
6526	11	203
6527	11	203
6528	11	203
6529	11	203
6530	11	203
6531	11	203
6532	11	203
6533	11	203
6534	11	203
6535	11	203
6536	11	203
6537	11	203
6538	11	203
6539	11	203
6540	11	203
6541	11	203
6542	11	203
6543	11	203
6544	11	203
6545	11	203
6546	11	203
6547	11	203
6548	11	203
6549	11	203
6550	11	203
6551	11	203
6552	11	203
6553	11	203
6554	11	203
6555	11	203
6556	11	203
6557	11	203
6558	11	203
6559	11	203
6560	11	203
6561	11	203
6562	11	203
6563	11	203
6564	11	203
6565	11	203
6566	11	203
6567	11	203
6568	11	203
6569	11	203
6570	11	203
6571	11	203
6572	11	203
6573	11	203
6574	11	203
6575	11	203
6576	11	203
6577	11	203
6578	11	203
6579	11	203
6580	11	203
6581	11	203
6582	11	203
6583	11	203
6584	11	203
6585	11	203
6586	11	203
6587	11	203
6588	11	203
6589	11	203
6590	11	203
6591	11	204
6592	11	204
6593	11	204
6594	11	204
6595	11	204
6596	11	204
6597	11	204
6598	11	204
6599	11	204
6600	11	204
6601	11	204
6602	11	204
6603	11	204
6604	11	204
6605	11	204
6606	11	204
6607	11	204
6608	11	204
6609	11	204
6610	11	204
6611	11	204
6612	11	204
6613	11	204
6614	11	204
6615	11	204
6616	11	204
6617	11	204
6618	11	204
6619	11	204
6620	11	204
6621	11	204
6622	11	204
6623	11	204
6624	11	204
6625	11	204
6626	11	204
6627	11	204
6628	11	204
6629	11	204
6630	11	204
6631	11	204
6632	11	204
6633	11	204
6634	11	204
6635	11	204
6636	11	204
6637	11	204
6638	11	204
6639	11	204
6640	11	204
6641	11	204
6642	11	204
6643	11	204
6644	11	204
6645	11	204
6646	11	204
6647	11	204
6648	11	204
6649	11	204
6650	11	204
6651	11	204
6652	11	204
6653	11	204
6654	11	204
6655	11	204
6656	11	204
6657	11	204
6658	11	204
6659	11	204
6660	11	204
6661	11	204
6662	11	204
6663	11	204
6664	11	206
6665	11	206
6666	11	206
6667	11	206
6668	11	206
6669	11	206
6670	11	206
6671	11	206
6672	11	206
6673	11	206
6674	11	206
6675	11	206
6676	11	206
6677	11	206
6678	11	206
6679	11	206
6680	11	206
6681	11	206
6682	11	206
6683	11	206
6684	11	206
6685	11	206
6686	11	206
6687	11	206
6688	11	206
6689	11	206
6690	11	206
6691	11	206
6692	11	206
6693	11	206
6694	11	206
6695	11	206
6696	11	206
6697	11	206
6698	11	206
6699	11	206
6700	11	206
6701	11	206
6702	11	206
6703	11	206
6704	11	206
6705	11	206
6706	11	206
6707	11	206
6708	11	206
6709	11	206
6710	11	206
6711	11	206
6712	11	206
6713	11	206
6714	11	206
6715	11	206
6716	11	206
6717	11	206
6718	11	206
6719	11	206
6720	11	206
6721	11	206
6722	11	206
6723	11	206
6724	11	206
6725	11	206
6726	11	206
6727	11	206
6728	11	206
6729	11	206
6730	11	206
6731	11	206
6732	11	206
6733	11	206
6734	11	206
6735	11	206
6736	11	206
6737	11	206
6738	11	206
6739	11	206
6740	11	206
6741	11	206
6742	11	206
6743	11	206
6744	11	206
6745	11	206
6746	11	206
6747	11	206
6748	11	206
6749	11	206
6750	11	206
6751	11	206
6752	11	206
6753	11	206
6754	11	206
6755	11	206
6756	11	206
6757	11	206
6758	11	206
6759	11	206
6760	11	206
6761	11	206
6762	11	206
6763	11	206
6764	11	206
6765	11	206
6766	11	206
6767	11	206
6768	11	206
6769	11	206
6770	11	206
6771	11	206
6772	11	206
6773	11	206
6774	11	206
6775	11	206
6776	11	206
6777	11	206
6778	11	206
6779	11	206
6780	11	206
6781	11	206
6782	11	206
6783	11	206
6784	11	206
6785	11	206
6786	11	206
6787	11	206
6788	11	206
6789	11	206
6790	11	206
6791	11	206
6792	11	206
6793	11	206
6794	11	206
6795	11	206
6796	11	206
6797	11	206
6798	11	206
6799	11	206
6800	11	206
6801	11	206
6802	11	206
6803	11	206
6804	11	206
6805	11	206
6806	11	206
6807	11	206
6808	11	206
6809	11	206
6810	11	206
6811	11	206
6812	11	206
6813	11	206
6814	11	206
6815	11	206
6816	11	206
6817	11	206
6818	11	206
6819	11	206
6820	11	206
6821	11	206
6822	11	206
6823	11	206
6824	11	206
6825	11	206
6826	11	206
6827	11	206
6828	11	206
6829	11	206
6830	11	206
6831	11	206
6832	11	206
6833	11	206
6834	11	206
6835	11	206
6836	11	206
6837	11	206
6838	11	206
6839	11	206
6840	11	206
6841	11	206
6842	11	206
6843	11	206
6844	11	206
6845	11	206
6846	11	206
6847	11	206
6848	11	206
6849	11	206
6850	11	206
6851	11	206
6852	11	206
6853	11	206
6854	11	206
6855	11	206
6856	11	206
6857	11	206
6858	11	206
6859	11	206
6860	11	206
6861	11	206
6862	11	206
6863	11	206
6864	11	206
6865	11	206
6866	11	206
6867	11	206
6868	11	206
6869	11	206
6870	11	206
6871	11	206
6872	11	206
6873	11	206
6874	11	206
6875	11	206
6876	11	206
6877	11	206
6878	11	206
6879	11	206
6880	11	207
6881	11	207
6882	11	207
6883	11	207
6884	11	207
6885	11	207
6886	11	207
6887	11	207
6888	11	207
6889	11	207
6890	11	207
6891	11	207
6892	11	207
6893	11	207
6894	11	207
6895	11	207
6896	11	207
6897	11	207
6898	11	207
6899	11	207
6900	11	207
6901	11	207
6902	11	207
6903	11	207
6904	11	207
6905	11	207
6906	11	207
6907	11	207
6908	11	207
6909	11	207
6910	11	207
6911	11	207
6912	11	207
6913	11	207
6914	11	207
6915	11	207
6916	11	207
6917	11	207
6918	11	207
6919	11	207
6920	11	207
6921	11	207
6922	11	207
6923	11	207
6924	11	207
6925	11	207
6926	11	207
6927	11	207
6928	11	207
6929	11	207
6930	11	207
6931	11	207
6932	11	207
6933	11	207
6934	11	207
6935	11	207
6936	11	207
6937	11	207
6938	11	207
6939	11	207
6940	11	207
6941	11	207
6942	11	207
6943	11	207
6944	11	207
6945	11	207
6946	11	207
6947	11	207
6948	11	207
6949	11	207
6950	11	207
6951	11	207
6952	11	207
6953	11	207
6954	11	207
6955	11	207
6956	11	207
6957	11	207
6958	11	207
6959	11	207
6960	11	207
6961	11	207
6962	11	207
6963	11	207
6964	11	207
6965	11	207
6966	11	207
6967	11	207
6968	11	210
6969	11	210
6970	11	210
6971	11	210
6972	11	210
6973	11	210
6974	11	210
6975	11	210
6976	11	210
6977	11	210
6978	11	210
6979	11	210
6980	11	210
6981	11	210
6982	11	210
6983	11	210
6984	11	210
6985	11	210
6986	11	210
6987	11	210
6988	11	210
6989	11	210
6990	11	210
6991	11	210
6992	11	210
6993	11	210
6994	11	210
6995	11	210
6996	11	210
6997	11	210
6998	11	210
6999	11	210
7000	11	210
7001	11	210
7002	11	210
7003	11	210
7004	11	210
7005	11	210
7006	11	210
7007	11	210
7008	11	210
7009	11	210
7010	11	210
7011	11	210
7012	11	210
7013	11	210
7014	11	210
7015	11	210
7016	11	210
7017	11	210
7018	11	210
7019	11	210
7020	11	210
7021	11	210
7022	11	210
7023	11	210
7024	11	210
7025	11	210
7026	11	210
7027	11	210
7028	11	210
7029	11	210
7030	11	210
7031	11	210
7032	11	210
7033	11	210
7034	11	210
7035	11	210
7036	11	210
7037	11	210
7038	11	210
7039	11	210
7040	11	210
7041	11	210
7042	11	210
7043	11	210
7044	11	210
7045	11	210
7046	11	210
7047	11	210
7048	11	210
7049	11	210
7050	11	210
7051	11	210
7052	11	210
7053	11	210
7054	11	210
7055	11	210
7056	11	210
7057	11	210
7058	11	210
7059	11	210
7060	11	210
7061	11	210
7062	11	210
7063	11	210
7064	11	210
7065	11	210
7066	11	210
7067	11	210
7068	11	210
7069	11	210
7070	11	210
7071	11	210
7072	11	210
7073	11	210
7074	11	210
7075	11	210
7076	11	210
7077	11	210
7078	11	210
7079	11	210
7080	11	210
7081	11	210
7082	11	210
7083	11	210
7084	11	210
7085	11	210
7086	11	210
7087	11	210
7088	11	210
7089	11	210
7090	11	210
7091	11	210
7092	11	210
7093	11	210
7094	11	210
7095	11	210
7096	11	210
7097	11	210
7098	11	210
7099	11	210
7100	11	210
7101	11	210
7102	11	210
7103	11	210
7104	11	210
7105	11	210
7106	11	210
7107	11	210
7108	11	210
7109	11	210
7110	11	210
7111	11	210
7112	11	210
7113	11	210
7114	11	210
7115	11	210
7116	11	210
7117	11	210
7118	11	210
7119	11	210
7120	11	210
7121	11	210
7122	11	210
7123	11	210
7124	11	210
7125	11	210
7126	11	210
7127	11	210
7128	11	210
7129	11	210
7130	11	210
7131	11	210
7132	11	210
7133	11	210
7134	11	210
7135	11	210
7136	11	210
7137	11	210
7138	11	210
7139	11	210
7140	11	210
7141	11	210
7142	11	210
7143	11	210
7144	11	210
7145	11	210
7146	11	210
7147	11	210
7148	11	210
7149	11	210
7150	11	210
7151	11	210
7152	11	210
7153	11	210
7154	11	210
7155	11	210
7156	11	210
7157	11	210
7158	11	210
7159	11	210
7160	11	210
7161	11	210
7162	11	210
7163	11	210
7164	11	210
7165	11	210
7166	11	210
7167	11	210
7168	11	210
7169	11	210
7170	11	210
7171	11	210
7172	11	210
7173	11	210
7174	11	210
7175	11	210
7176	11	210
7177	11	210
7178	11	210
7179	11	210
7180	11	210
7181	11	210
7182	11	210
7183	11	210
7184	11	210
7185	11	210
7186	11	210
7187	11	210
7188	11	210
7189	11	210
7190	11	210
7191	11	210
7192	11	210
7193	11	210
7194	11	210
7195	11	210
7196	11	210
7197	11	210
7198	11	210
7199	11	210
7200	11	210
7201	11	210
7202	11	210
7203	11	210
7204	11	210
7205	11	210
7206	11	210
7207	11	210
7208	11	210
7209	11	210
7210	11	210
7211	11	210
7212	11	210
7213	11	210
7214	11	210
7215	11	210
7216	11	210
7217	11	210
7218	11	210
7219	11	210
7220	11	210
7221	11	210
7222	11	210
7223	11	214
7224	11	214
7225	11	214
7226	11	214
7227	11	214
7228	11	214
7229	11	214
7230	11	214
7231	11	214
7232	11	214
7233	11	214
7234	11	214
7235	11	214
7236	11	214
7237	11	214
7238	11	214
7239	11	214
7240	11	214
7241	11	214
7242	11	214
7243	11	214
7244	11	214
7245	11	214
7246	11	214
7247	11	214
7248	11	214
7249	11	214
7250	11	214
7251	11	214
7252	11	214
7253	11	214
7254	11	214
7255	11	214
7256	11	214
7257	11	214
7258	11	214
7259	11	214
7260	11	214
7261	11	214
7262	11	214
7263	11	214
7264	11	214
7265	11	214
7266	11	214
7267	11	214
7268	11	214
7269	11	214
7270	11	214
7271	11	214
7272	11	214
7273	11	214
7274	11	214
7275	11	214
7276	11	214
7277	11	214
7278	11	214
7279	11	214
7280	11	214
7281	11	214
7282	11	214
7283	11	214
7284	11	214
7285	11	214
7286	11	214
7287	11	214
7288	11	214
7289	11	214
7290	11	214
7291	11	214
7292	11	214
7293	11	214
7294	11	214
7295	11	214
7296	11	214
7297	11	214
7298	11	214
7299	11	214
7300	11	214
7301	11	214
7302	11	214
7303	11	214
