0	51	6
1	14	001
2	14	011
3	14	204
4	14	206
5	14	209
6	15	001
7	15	001
8	15	001
9	15	001
10	15	011
11	15	204
12	15	206
13	15	208
14	15	209
15	15	209
16	15	214
17	10	206
18	10	206
19	11	000
20	11	000
21	11	000
22	11	000
23	11	000
24	11	000
25	11	000
26	11	001
27	11	001
28	11	001
29	11	001
30	11	001
31	11	005
32	11	007
33	11	025
34	11	203
35	11	203
36	11	203
37	11	203
38	11	203
39	11	203
40	11	204
41	11	204
42	11	206
43	11	206
44	11	206
45	11	206
46	11	206
47	11	206
48	11	206
49	11	206
50	11	206
51	11	206
52	11	206
53	11	207
54	11	210
55	11	214
56	11	214
57	12	000
58	12	000
59	12	000
60	12	000
61	12	000
62	12	000
63	12	000
64	12	000
65	12	000
66	12	000
67	12	000
68	12	000
69	12	000
70	12	000
71	12	000
72	12	000
73	12	000
74	12	000
75	12	000
76	12	000
77	12	000
78	12	000
79	12	000
80	12	000
81	12	000
82	12	000
83	12	000
84	12	000
85	12	000
86	12	000
87	12	000
88	12	000
89	12	000
90	12	000
91	12	000
92	12	000
93	12	000
94	12	000
95	12	000
96	12	000
97	12	000
98	12	000
99	12	000
100	12	000
101	12	000
102	12	000
103	12	000
104	12	000
105	12	000
106	12	000
107	12	000
108	12	000
109	12	000
110	12	000
112	12	000
114	12	000
115	12	000
116	12	000
117	12	000
118	12	000
119	12	000
120	12	000
121	12	000
122	12	000
123	12	000
124	12	000
125	12	000
126	12	000
127	12	000
128	12	000
129	12	000
130	12	000
131	12	000
132	12	000
133	12	000
134	12	000
135	12	000
136	12	000
137	12	000
138	12	000
139	12	000
140	12	000
141	12	000
142	12	000
143	12	000
144	12	000
145	12	000
146	12	000
147	12	000
148	12	000
149	12	000
150	12	000
151	12	000
152	12	000
153	12	000
154	12	000
155	12	000
156	12	000
157	12	000
158	12	000
159	12	000
160	12	000
161	12	000
162	12	000
163	12	000
164	12	000
165	12	000
166	12	000
167	12	000
168	12	000
169	12	000
170	12	000
171	12	000
172	12	000
173	12	000
174	12	000
175	12	000
176	12	000
177	12	000
178	12	000
179	12	000
180	12	000
181	12	000
182	12	000
183	12	000
184	12	000
185	12	000
186	12	000
187	12	000
188	12	000
189	12	000
190	12	000
191	12	000
192	12	000
193	12	000
194	12	000
195	12	000
196	12	000
197	12	000
198	12	000
199	12	000
200	12	000
201	12	000
202	12	000
203	12	000
204	12	000
205	12	000
206	12	000
207	12	000
208	12	000
209	12	000
210	12	000
212	12	000
213	12	000
214	12	000
215	12	000
216	12	000
217	12	000
218	12	000
219	12	000
220	12	000
221	12	000
222	12	000
223	12	000
224	12	000
225	12	000
226	12	000
227	12	000
228	12	000
229	12	000
230	12	000
231	12	000
232	12	000
233	12	000
234	12	000
235	12	000
236	12	000
237	12	000
238	12	000
239	12	000
240	12	000
241	12	000
242	12	000
243	12	000
244	12	000
245	12	000
246	12	000
247	12	000
248	12	001
249	12	001
250	12	001
251	12	001
252	12	001
253	12	001
254	12	001
255	12	001
256	12	001
257	12	001
258	12	001
259	12	001
260	12	001
261	12	001
262	12	001
263	12	001
264	12	001
265	12	001
266	12	001
267	12	001
268	12	001
269	12	001
270	12	001
271	12	001
272	12	001
273	12	001
274	12	001
275	12	001
276	12	001
278	12	001
279	12	001
280	12	001
281	12	001
282	12	001
283	12	001
284	12	001
285	12	001
286	12	001
287	12	001
288	12	001
289	12	001
290	12	001
291	12	001
292	12	001
293	12	001
294	12	001
295	12	001
296	12	001
297	12	001
298	12	001
299	12	001
300	12	001
301	12	001
302	12	001
303	12	001
304	12	001
305	12	001
306	12	001
307	12	001
308	12	001
309	12	001
310	12	001
311	12	001
312	12	001
313	12	001
314	12	001
315	12	001
316	12	001
317	12	001
318	12	001
319	12	001
320	12	001
321	12	001
322	12	001
323	12	001
324	12	001
325	12	001
326	12	001
327	12	001
328	12	001
329	12	001
330	12	001
331	12	001
332	12	001
333	12	001
334	12	001
335	12	001
336	12	001
337	12	001
338	12	001
339	12	005
340	12	005
341	12	005
342	12	005
343	12	005
344	12	005
345	12	005
346	12	005
347	12	005
348	12	005
349	12	005
350	12	005
351	12	005
352	12	005
353	12	005
354	12	005
355	12	005
357	12	005
358	12	005
359	12	005
360	12	005
361	12	005
362	12	005
363	12	005
364	12	005
365	12	005
366	12	005
367	12	005
368	12	005
369	12	005
370	12	005
371	12	005
372	12	005
373	12	005
374	12	005
375	12	005
377	12	005
378	12	005
379	12	005
380	12	005
381	12	005
382	12	007
383	12	007
384	12	007
385	12	007
386	12	007
387	12	007
388	12	007
389	12	007
390	12	007
391	12	007
392	12	007
393	12	007
394	12	007
395	12	007
396	12	007
397	12	007
398	12	007
399	12	007
400	12	007
401	12	007
402	12	007
403	12	007
404	12	007
405	12	007
406	12	007
407	12	007
408	12	007
409	12	007
410	12	007
411	12	007
412	12	007
413	12	007
414	12	007
415	12	007
416	12	007
417	12	007
418	12	007
419	12	007
420	12	007
421	12	007
422	12	007
423	12	007
424	12	007
425	12	007
426	12	007
428	12	009
429	12	009
430	12	009
431	12	009
432	12	009
433	12	009
434	12	009
435	12	009
436	12	009
437	12	009
439	12	009
440	12	009
441	12	009
442	12	009
443	12	009
444	12	009
445	12	009
447	12	009
449	12	009
450	12	009
451	12	009
452	12	009
454	12	009
455	12	009
458	12	009
460	12	011
461	12	011
463	12	011
464	12	011
467	12	011
470	12	011
473	12	011
474	12	011
475	12	011
476	12	011
477	12	011
480	12	011
481	12	011
482	12	011
483	12	011
484	12	011
485	12	011
486	12	011
487	12	011
488	12	011
489	12	011
490	12	011
491	12	011
493	12	011
494	12	011
495	12	011
496	12	011
497	12	011
498	12	011
500	12	011
501	12	011
502	12	011
503	12	011
504	12	011
505	12	011
506	12	011
507	12	011
508	12	013
509	12	013
510	12	013
511	12	013
512	12	013
513	12	013
514	12	013
515	12	013
516	12	013
517	12	013
518	12	013
519	12	013
520	12	013
521	12	013
522	12	013
523	12	013
524	12	013
525	12	013
526	12	013
527	12	013
528	12	013
529	12	013
530	12	013
531	12	025
532	12	025
533	12	025
534	12	025
535	12	025
536	12	025
537	12	025
538	12	025
539	12	030
541	12	030
542	12	030
544	12	030
545	12	030
546	12	030
547	12	030
548	12	203
549	12	203
550	12	203
551	12	203
552	12	203
553	12	203
554	12	203
555	12	203
556	12	203
557	12	203
558	12	203
559	12	203
561	12	203
562	12	203
563	12	203
564	12	203
565	12	203
566	12	203
567	12	203
568	12	203
569	12	203
570	12	203
571	12	203
572	12	203
573	12	203
574	12	203
575	12	203
576	12	203
577	12	203
578	12	203
579	12	203
580	12	203
581	12	203
582	12	203
583	12	203
584	12	203
585	12	203
586	12	203
587	12	203
588	12	203
589	12	203
590	12	203
591	12	203
592	12	203
593	12	203
594	12	203
595	12	203
596	12	203
597	12	203
598	12	203
599	12	203
600	12	203
601	12	203
602	12	203
603	12	203
604	12	203
605	12	203
606	12	203
607	12	203
608	12	203
609	12	203
610	12	203
611	12	203
612	12	203
613	12	203
614	12	203
615	12	203
616	12	203
617	12	203
618	12	203
619	12	203
620	12	203
621	12	203
622	12	203
623	12	203
624	12	203
625	12	203
626	12	203
627	12	203
628	12	203
629	12	203
630	12	203
631	12	203
632	12	203
633	12	203
634	12	203
635	12	203
636	12	203
637	12	203
638	12	203
639	12	203
640	12	203
641	12	203
642	12	203
643	12	203
644	12	203
645	12	203
646	12	203
647	12	203
648	12	203
649	12	203
650	12	203
651	12	203
652	12	203
653	12	203
654	12	203
655	12	203
656	12	203
657	12	203
658	12	203
659	12	203
660	12	203
661	12	203
662	12	203
663	12	203
664	12	203
665	12	203
666	12	203
667	12	203
668	12	203
669	12	203
670	12	203
671	12	203
672	12	203
673	12	203
674	12	203
675	12	203
676	12	203
677	12	203
678	12	203
679	12	203
680	12	203
681	12	203
682	12	203
683	12	203
684	12	203
685	12	203
686	12	203
687	12	203
688	12	203
689	12	203
690	12	203
691	12	203
692	12	203
693	12	203
694	12	203
695	12	203
696	12	203
697	12	203
698	12	203
699	12	203
700	12	203
701	12	203
702	12	203
703	12	203
704	12	203
705	12	203
706	12	203
707	12	203
708	12	203
709	12	203
710	12	203
711	12	203
712	12	203
713	12	203
714	12	203
715	12	203
716	12	203
717	12	203
718	12	203
719	12	203
720	12	203
721	12	203
722	12	203
724	12	203
725	12	203
726	12	203
727	12	203
728	12	203
729	12	203
730	12	203
731	12	203
732	12	203
733	12	203
734	12	203
735	12	203
736	12	203
737	12	203
738	12	204
739	12	204
740	12	204
741	12	204
742	12	204
743	12	204
744	12	204
745	12	204
746	12	204
747	12	204
748	12	204
749	12	204
750	12	204
751	12	204
752	12	204
753	12	204
754	12	204
755	12	204
756	12	204
757	12	204
758	12	204
759	12	204
760	12	204
761	12	204
762	12	204
763	12	204
764	12	204
765	12	204
766	12	204
767	12	204
768	12	204
769	12	204
770	12	204
771	12	204
772	12	204
773	12	204
774	12	204
775	12	204
776	12	204
777	12	204
778	12	204
779	12	204
780	12	204
781	12	204
782	12	204
783	12	204
784	12	204
785	12	204
786	12	204
787	12	204
788	12	204
789	12	206
790	12	206
791	12	206
792	12	206
793	12	206
794	12	206
795	12	206
796	12	206
797	12	206
798	12	206
799	12	206
800	12	206
801	12	206
802	12	206
803	12	206
804	12	206
805	12	206
806	12	206
807	12	206
808	12	206
809	12	206
810	12	206
811	12	206
812	12	206
813	12	206
814	12	206
815	12	206
816	12	206
817	12	206
818	12	206
819	12	206
820	12	206
821	12	206
822	12	206
823	12	206
824	12	206
825	12	206
826	12	206
827	12	206
828	12	206
829	12	206
830	12	206
831	12	206
832	12	206
833	12	206
834	12	206
835	12	206
836	12	206
837	12	206
838	12	206
839	12	206
840	12	206
842	12	206
843	12	206
844	12	206
845	12	206
846	12	206
847	12	206
848	12	206
849	12	206
850	12	206
851	12	206
852	12	206
853	12	206
854	12	206
855	12	206
856	12	206
857	12	206
858	12	206
859	12	206
860	12	206
861	12	206
862	12	206
863	12	206
864	12	206
865	12	206
866	12	206
867	12	206
868	12	206
869	12	206
870	12	206
871	12	206
872	12	206
873	12	206
874	12	206
875	12	206
876	12	206
877	12	206
878	12	206
879	12	206
880	12	206
881	12	206
882	12	206
883	12	206
884	12	206
885	12	206
886	12	206
887	12	206
888	12	206
889	12	206
890	12	206
891	12	206
892	12	206
893	12	206
894	12	206
895	12	206
896	12	206
897	12	206
898	12	206
899	12	206
900	12	206
901	12	206
902	12	206
903	12	206
904	12	206
905	12	206
906	12	206
907	12	206
908	12	206
909	12	206
910	12	206
911	12	206
912	12	206
913	12	206
914	12	206
915	12	206
916	12	206
917	12	206
918	12	206
919	12	206
920	12	206
921	12	206
922	12	206
923	12	206
924	12	206
925	12	206
926	12	206
927	12	206
928	12	206
929	12	206
930	12	206
931	12	206
932	12	206
933	12	206
934	12	206
935	12	206
936	12	206
937	12	207
938	12	207
939	12	207
940	12	207
941	12	207
942	12	207
943	12	207
944	12	207
945	12	207
946	12	207
947	12	207
948	12	207
949	12	207
950	12	207
951	12	207
952	12	207
953	12	207
954	12	207
955	12	207
956	12	207
957	12	207
958	12	207
959	12	207
960	12	207
961	12	207
962	12	207
963	12	207
964	12	207
965	12	207
966	12	207
967	12	207
968	12	207
969	12	207
970	12	207
971	12	207
972	12	207
973	12	207
974	12	207
975	12	207
976	12	207
977	12	207
978	12	207
979	12	207
980	12	207
981	12	207
982	12	207
983	12	207
984	12	207
985	12	207
986	12	207
987	12	207
988	12	207
989	12	207
990	12	207
991	12	207
992	12	207
993	12	207
994	12	207
995	12	210
996	12	210
997	12	210
998	12	210
999	12	210
1000	12	210
1001	12	210
1002	12	210
1003	12	210
1004	12	210
1005	12	210
1006	12	210
1007	12	210
1008	12	210
1009	12	210
1010	12	210
1011	12	210
1012	12	210
1013	12	210
1015	12	210
1016	12	210
1017	12	210
1018	12	210
1019	12	210
1020	12	210
1021	12	210
1022	12	210
1023	12	210
1024	12	210
1025	12	210
1026	12	210
1028	12	210
1029	12	210
1030	12	210
1031	12	210
1032	12	210
1033	12	210
1034	12	210
1035	12	210
1036	12	210
1037	12	210
1038	12	210
1039	12	210
1040	12	210
1041	12	210
1042	12	210
1043	12	210
1044	12	210
1045	12	210
1046	12	210
1047	12	210
1049	12	210
1050	12	210
1051	12	210
1052	12	210
1053	12	210
1054	12	210
1055	12	210
1056	12	210
1057	12	210
1058	12	210
1059	12	210
1060	12	210
1061	12	210
1062	12	210
1063	12	210
1064	12	210
1065	12	210
1066	12	210
1067	12	210
1068	12	210
1069	12	210
1070	12	210
1071	12	210
1072	12	210
1073	12	210
1074	12	210
1075	12	210
1076	12	210
1077	12	210
1078	12	210
1079	12	210
1080	12	210
1081	12	210
1082	12	210
1083	12	210
1084	12	210
1085	12	210
1086	12	210
1087	12	210
1088	12	210
1089	12	210
1090	12	210
1091	12	210
1092	12	210
1093	12	210
1094	12	210
1095	12	210
1096	12	210
1097	12	210
1098	12	210
1099	12	210
1100	12	210
1101	12	210
1102	12	210
1103	12	210
1104	12	210
1105	12	210
1106	12	210
1107	12	210
1109	12	210
1110	12	210
1111	12	210
1112	12	210
1113	12	210
1114	12	210
1115	12	210
1116	12	210
1117	12	210
1118	12	210
1119	12	210
1120	12	214
1121	12	214
1122	12	214
1123	12	214
1124	12	214
1125	12	214
1126	12	214
1127	12	214
1128	12	214
1129	12	214
1130	12	214
1131	12	214
1132	12	214
1133	12	214
1134	12	214
1135	12	214
1136	12	214
1137	12	214
1138	12	214
1139	12	214
1140	12	214
1141	12	214
1142	12	214
1143	12	214
1144	12	214
1145	12	214
1146	12	214
1147	12	214
1148	12	214
1149	12	214
1151	12	214
1152	12	214
1153	12	214
1154	12	214
1156	12	214
1157	12	214
1158	12	214
1159	12	214
1160	12	214
1161	12	214
1162	13	000
1163	13	000
1164	13	000
1165	13	000
1166	13	000
1167	13	000
1168	13	000
1169	13	000
1170	13	000
1171	13	000
1172	13	000
1173	13	000
1174	13	000
1175	13	000
1176	13	000
1177	13	000
1178	13	000
1179	13	000
1180	13	000
1181	13	000
1182	13	000
1183	13	000
1184	13	000
1185	13	000
1186	13	000
1187	13	000
1188	13	000
1189	13	000
1190	13	000
1191	13	000
1192	13	000
1193	13	000
1194	13	000
1195	13	000
1196	13	000
1197	13	000
1198	13	000
1199	13	000
1200	13	000
1201	13	000
1202	13	000
1203	13	000
1204	13	000
1205	13	000
1206	13	000
1207	13	000
1208	13	000
1209	13	000
1210	13	000
1211	13	000
1212	13	000
1213	13	000
1214	13	000
1215	13	000
1216	13	000
1217	13	000
1218	13	000
1219	13	000
1220	13	000
1221	13	000
1222	13	000
1223	13	000
1224	13	000
1225	13	000
1226	13	000
1227	13	000
1228	13	000
1229	13	000
1230	13	000
1231	13	000
1232	13	000
1233	13	000
1234	13	000
1235	13	000
1236	13	000
1237	13	000
1238	13	000
1239	13	000
1240	13	000
1241	13	000
1242	13	000
1243	13	000
1244	13	000
1245	13	000
1246	13	000
1247	13	000
1248	13	000
1249	13	000
1250	13	000
1251	13	000
1252	13	000
1253	13	000
1254	13	000
1255	13	000
1256	13	000
1257	13	000
1258	13	000
1259	13	000
1260	13	000
1261	13	000
1262	13	000
1263	13	000
1264	13	000
1265	13	000
1266	13	000
1267	13	000
1268	13	000
1269	13	000
1270	13	000
1271	13	000
1272	13	000
1273	13	000
1274	13	000
1275	13	000
1276	13	000
1277	13	000
1278	13	000
1279	13	000
1280	13	000
1281	13	000
1282	13	000
1283	13	000
1284	13	000
1285	13	000
1286	13	000
1287	13	000
1288	13	000
1289	13	000
1290	13	000
1291	13	000
1292	13	000
1293	13	000
1294	13	000
1295	13	000
1296	13	000
1297	13	000
1298	13	000
1299	13	000
1300	13	000
1301	13	000
1302	13	000
1303	13	000
1304	13	000
1305	13	000
1306	13	000
1307	13	000
1308	13	000
1309	13	000
1310	13	000
1311	13	000
1312	13	000
1313	13	000
1314	13	000
1315	13	000
1316	13	000
1317	13	000
1318	13	000
1319	13	000
1320	13	000
1321	13	000
1322	13	000
1323	13	000
1324	13	000
1325	13	000
1326	13	000
1327	13	000
1328	13	000
1329	13	000
1330	13	000
1331	13	000
1332	13	000
1333	13	000
1334	13	000
1335	13	000
1336	13	000
1337	13	000
1338	13	000
1339	13	000
1340	13	000
1341	13	000
1342	13	000
1343	13	000
1344	13	000
1345	13	000
1346	13	000
1347	13	000
1348	13	000
1349	13	000
1350	13	000
1351	13	000
1352	13	000
1353	13	000
1354	13	000
1355	13	000
1356	13	000
1357	13	000
1358	13	000
1359	13	000
1360	13	000
1361	13	000
1362	13	000
1363	13	000
1364	13	000
1365	13	000
1366	13	000
1367	13	000
1368	13	000
1369	13	000
1370	13	000
1371	13	000
1372	13	000
1373	13	000
1374	13	000
1375	13	000
1376	13	000
1377	13	000
1378	13	000
1379	13	000
1380	13	000
1381	13	000
1382	13	000
1383	13	000
1384	13	000
1385	13	000
1386	13	000
1387	13	000
1388	13	000
1389	13	000
1390	13	000
1391	13	000
1392	13	000
1393	13	000
1394	13	000
1395	13	000
1396	13	000
1397	13	000
1398	13	000
1399	13	000
1400	13	000
1401	13	000
1402	13	000
1403	13	000
1404	13	000
1405	13	000
1406	13	000
1407	13	000
1408	13	000
1409	13	000
1410	13	000
1411	13	000
1412	13	000
1413	13	000
1414	13	000
1415	13	000
1416	13	000
1417	13	000
1418	13	000
1419	13	000
1420	13	000
1421	13	000
1422	13	000
1423	13	000
1424	13	000
1425	13	000
1426	13	000
1427	13	000
1428	13	000
1429	13	000
1430	13	000
1431	13	000
1432	13	000
1433	13	000
1434	13	000
1435	13	000
1436	13	000
1437	13	000
1438	13	000
1439	13	000
1440	13	000
1441	13	000
1442	13	000
1443	13	000
1444	13	000
1445	13	001
1446	13	001
1447	13	001
1448	13	001
1449	13	001
1450	13	001
1451	13	001
1452	13	001
1454	13	001
1455	13	001
1458	13	001
1459	13	001
1460	13	001
1461	13	001
1462	13	001
1463	13	001
1464	13	001
1466	13	001
1467	13	001
1468	13	001
1469	13	001
1470	13	001
1471	13	001
1472	13	001
1473	13	001
1474	13	001
1475	13	001
1476	13	001
1477	13	001
1478	13	001
1479	13	001
1480	13	001
1481	13	001
1482	13	001
1483	13	001
1484	13	001
1485	13	001
1486	13	001
1487	13	001
1488	13	001
1489	13	001
1490	13	001
1491	13	001
1492	13	001
1493	13	001
1494	13	001
1495	13	001
1496	13	001
1497	13	001
1498	13	001
1499	13	001
1500	13	001
1501	13	001
1502	13	001
1503	13	001
1504	13	001
1505	13	001
1506	13	001
1507	13	001
1508	13	001
1509	13	001
1510	13	001
1511	13	001
1512	13	001
1513	13	001
1514	13	001
1515	13	001
1516	13	001
1517	13	001
1518	13	001
1519	13	001
1520	13	001
1521	13	001
1522	13	001
1523	13	001
1524	13	001
1525	13	001
1526	13	001
1527	13	001
1528	13	001
1529	13	001
1530	13	001
1531	13	001
1532	13	001
1533	13	001
1534	13	001
1535	13	001
1536	13	001
1537	13	001
1538	13	001
1539	13	001
1540	13	001
1541	13	001
1542	13	001
1543	13	001
1544	13	001
1545	13	001
1546	13	001
1548	13	001
1549	13	001
1550	13	001
1551	13	001
1552	13	001
1555	13	007
1556	13	007
1557	13	007
1558	13	007
1559	13	007
1560	13	007
1561	13	007
1562	13	007
1563	13	007
1564	13	007
1565	13	007
1566	13	007
1567	13	007
1568	13	007
1569	13	007
1570	13	007
1571	13	007
1572	13	007
1573	13	007
1574	13	007
1575	13	007
1576	13	007
1577	13	007
1578	13	007
1579	13	007
1580	13	007
1581	13	007
1582	13	007
1583	13	007
1584	13	007
1585	13	007
1586	13	007
1587	13	007
1588	13	007
1589	13	007
1590	13	007
1591	13	007
1592	13	007
1593	13	007
1594	13	007
1595	13	007
1596	13	007
1597	13	007
1598	13	007
1599	13	007
1600	13	007
1601	13	007
1602	13	007
1603	13	007
1604	13	007
1605	13	007
1606	13	007
1607	13	007
1608	13	007
1609	13	007
1610	13	007
1611	13	007
1612	13	007
1613	13	007
1614	13	007
1615	13	007
1616	13	007
1617	13	007
1618	13	007
1619	13	007
1620	13	007
1621	13	007
1622	13	007
1623	13	007
1624	13	007
1625	13	007
1626	13	007
1627	13	007
1628	13	007
1629	13	007
1630	13	007
1631	13	007
1632	13	007
1633	13	007
1634	13	007
1635	13	007
1636	13	007
1637	13	007
1638	13	007
1639	13	007
1640	13	007
1641	13	007
1642	13	007
1643	13	007
1644	13	007
1645	13	007
1646	13	007
1647	13	007
1648	13	007
1649	13	007
1650	13	007
1651	13	007
1652	13	007
1653	13	007
1654	13	007
1655	13	011
1656	13	011
1657	13	011
1658	13	011
1659	13	011
1660	13	011
1661	13	011
1662	13	011
1663	13	011
1664	13	011
1665	13	011
1666	13	011
1667	13	011
1668	13	011
1669	13	011
1670	13	011
1671	13	011
1672	13	011
1673	13	011
1675	13	011
1676	13	011
1677	13	011
1678	13	011
1679	13	011
1680	13	011
1681	13	011
1682	13	011
1683	13	011
1684	13	011
1685	13	011
1686	13	011
1687	13	011
1688	13	011
1689	13	011
1690	13	011
1691	13	011
1692	13	011
1693	13	011
1694	13	011
1695	13	011
1697	13	011
1698	13	011
1699	13	011
1700	13	011
1701	13	011
1702	13	011
1705	13	011
1706	13	011
1707	13	011
1708	13	011
1709	13	011
1710	13	011
1711	13	011
1712	13	011
1713	13	011
1714	13	011
1715	13	011
1716	13	011
1717	13	011
1719	13	025
1720	13	025
1721	13	025
1722	13	025
1723	13	025
1724	13	025
1725	13	025
1726	13	025
1727	13	203
1728	13	203
1729	13	203
1730	13	203
1731	13	203
1732	13	203
1733	13	203
1734	13	203
1735	13	203
1736	13	203
1737	13	203
1738	13	203
1739	13	203
1740	13	203
1741	13	203
1742	13	203
1743	13	203
1744	13	203
1745	13	203
1746	13	203
1747	13	203
1748	13	203
1749	13	203
1750	13	203
1751	13	203
1752	13	203
1753	13	203
1754	13	203
1755	13	203
1756	13	203
1757	13	203
1758	13	203
1759	13	203
1760	13	203
1761	13	203
1762	13	203
1763	13	203
1764	13	203
1765	13	203
1766	13	203
1767	13	203
1768	13	203
1769	13	203
1770	13	203
1771	13	203
1772	13	203
1773	13	203
1774	13	203
1775	13	203
1776	13	203
1777	13	203
1778	13	203
1779	13	203
1780	13	203
1781	13	203
1782	13	203
1783	13	203
1784	13	203
1785	13	203
1786	13	203
1787	13	203
1788	13	203
1789	13	203
1790	13	203
1791	13	203
1792	13	203
1793	13	203
1794	13	203
1795	13	203
1796	13	203
1797	13	203
1798	13	203
1799	13	203
1800	13	203
1801	13	203
1802	13	203
1803	13	203
1804	13	203
1805	13	203
1806	13	203
1807	13	203
1808	13	203
1809	13	203
1810	13	203
1811	13	203
1812	13	203
1813	13	203
1814	13	203
1815	13	203
1816	13	203
1817	13	203
1818	13	203
1819	13	203
1820	13	203
1821	13	203
1822	13	203
1823	13	203
1824	13	203
1825	13	203
1826	13	203
1827	13	203
1828	13	203
1829	13	203
1830	13	203
1831	13	203
1832	13	203
1833	13	203
1834	13	203
1835	13	203
1836	13	203
1837	13	203
1838	13	203
1839	13	203
1840	13	203
1841	13	203
1842	13	203
1843	13	203
1844	13	203
1845	13	203
1846	13	203
1847	13	203
1848	13	203
1849	13	203
1850	13	203
1851	13	203
1852	13	203
1853	13	203
1854	13	203
1855	13	203
1856	13	203
1857	13	203
1858	13	203
1859	13	203
1860	13	203
1861	13	203
1862	13	203
1863	13	203
1864	13	203
1865	13	203
1866	13	203
1867	13	203
1868	13	203
1869	13	203
1870	13	203
1871	13	203
1872	13	203
1873	13	203
1874	13	203
1875	13	203
1876	13	203
1877	13	203
1878	13	203
1879	13	203
1880	13	203
1881	13	203
1882	13	203
1883	13	203
1884	13	203
1885	13	203
1886	13	203
1887	13	203
1888	13	203
1889	13	203
1890	13	203
1891	13	203
1892	13	203
1893	13	203
1894	13	203
1895	13	203
1896	13	203
1897	13	203
1898	13	203
1899	13	203
1900	13	203
1901	13	203
1902	13	203
1903	13	203
1904	13	203
1905	13	203
1906	13	203
1907	13	203
1908	13	203
1909	13	203
1910	13	203
1911	13	203
1912	13	203
1913	13	203
1914	13	203
1915	13	203
1916	13	203
1917	13	203
1918	13	203
1919	13	203
1920	13	203
1921	13	203
1922	13	203
1923	13	203
1924	13	203
1925	13	203
1926	13	203
1927	13	203
1928	13	203
1929	13	203
1930	13	203
1931	13	203
1932	13	203
1933	13	203
1934	13	203
1935	13	203
1936	13	203
1937	13	203
1938	13	203
1939	13	203
1940	13	203
1941	13	203
1942	13	203
1943	13	203
1944	13	203
1945	13	203
1946	13	203
1948	13	203
1949	13	203
1950	13	203
1951	13	203
1952	13	203
1953	13	203
1954	13	203
1955	13	203
1956	13	203
1957	13	203
1958	13	203
1959	13	203
1960	13	203
1961	13	203
1962	13	203
1963	13	203
1964	13	203
1965	13	203
1966	13	203
1967	13	203
1968	13	203
1969	13	203
1970	13	203
1971	13	203
1972	13	203
1973	13	203
1974	13	203
1975	13	203
1976	13	203
1977	13	203
1978	13	203
1979	13	203
1980	13	203
1981	13	203
1982	13	203
1983	13	203
1984	13	203
1985	13	203
1986	13	203
1987	13	203
1988	13	203
1989	13	203
1990	13	203
1991	13	203
1992	13	203
1993	13	203
1994	13	203
1995	13	203
1996	13	203
1997	13	203
1998	13	203
1999	13	203
2000	13	203
2001	13	203
2002	13	203
2003	13	203
2004	13	203
2005	13	203
2006	13	203
2007	13	203
2008	13	203
2009	13	203
2010	13	203
2011	13	203
2012	13	203
2013	13	203
2014	13	203
2015	13	203
2016	13	203
2017	13	204
2018	13	204
2019	13	204
2020	13	204
2021	13	204
2022	13	204
2023	13	204
2024	13	204
2025	13	204
2026	13	204
2027	13	204
2028	13	204
2029	13	204
2030	13	204
2031	13	204
2032	13	204
2033	13	204
2034	13	204
2035	13	204
2036	13	204
2037	13	204
2038	13	204
2039	13	204
2040	13	204
2041	13	204
2042	13	204
2043	13	204
2044	13	204
2045	13	204
2046	13	204
2047	13	204
2048	13	204
2049	13	204
2050	13	204
2051	13	204
2052	13	204
2053	13	204
2054	13	204
2055	13	204
2056	13	204
2057	13	204
2058	13	204
2059	13	204
2060	13	204
2061	13	204
2062	13	204
2063	13	204
2064	13	204
2065	13	204
2066	13	204
2067	13	204
2068	13	204
2069	13	204
2070	13	204
2071	13	204
2072	13	204
2073	13	204
2074	13	204
2075	13	204
2076	13	204
2077	13	204
2078	13	204
2079	13	204
2080	13	204
2081	13	204
2082	13	204
2083	13	204
2084	13	204
2085	13	204
2086	13	204
2087	13	204
2088	13	206
2089	13	206
2090	13	206
2091	13	206
2092	13	206
2093	13	206
2094	13	206
2095	13	206
2096	13	206
2097	13	206
2098	13	206
2099	13	206
2100	13	206
2101	13	206
2102	13	206
2103	13	206
2104	13	206
2105	13	206
2106	13	206
2107	13	206
2108	13	206
2109	13	206
2110	13	206
2111	13	206
2112	13	206
2113	13	206
2114	13	206
2115	13	206
2116	13	206
2117	13	206
2118	13	206
2119	13	206
2120	13	206
2121	13	206
2122	13	206
2123	13	206
2124	13	206
2125	13	206
2126	13	206
2127	13	206
2128	13	206
2129	13	206
2130	13	206
2131	13	206
2132	13	206
2133	13	206
2134	13	206
2135	13	206
2136	13	206
2137	13	206
2138	13	206
2139	13	206
2140	13	206
2141	13	206
2142	13	206
2143	13	206
2144	13	206
2145	13	206
2146	13	206
2147	13	206
2148	13	206
2149	13	206
2150	13	206
2151	13	206
2152	13	206
2153	13	206
2154	13	206
2155	13	206
2156	13	206
2157	13	206
2158	13	206
2159	13	206
2160	13	206
2161	13	206
2162	13	206
2163	13	206
2164	13	206
2165	13	206
2166	13	206
2167	13	206
2168	13	206
2169	13	206
2170	13	206
2171	13	206
2172	13	206
2173	13	206
2174	13	206
2175	13	206
2176	13	206
2177	13	206
2178	13	206
2179	13	206
2180	13	206
2181	13	206
2182	13	206
2183	13	206
2184	13	206
2185	13	206
2186	13	206
2187	13	206
2188	13	206
2189	13	206
2190	13	206
2191	13	206
2192	13	206
2193	13	206
2194	13	206
2195	13	206
2196	13	206
2197	13	206
2198	13	206
2199	13	206
2200	13	206
2201	13	206
2202	13	206
2203	13	206
2204	13	206
2205	13	206
2206	13	206
2207	13	206
2208	13	206
2209	13	206
2210	13	206
2211	13	206
2212	13	206
2213	13	206
2214	13	206
2215	13	206
2216	13	206
2217	13	206
2218	13	206
2219	13	206
2220	13	206
2221	13	206
2222	13	206
2223	13	206
2224	13	206
2225	13	206
2226	13	206
2227	13	206
2228	13	206
2229	13	206
2230	13	206
2231	13	206
2232	13	206
2233	13	206
2234	13	206
2235	13	206
2236	13	206
2237	13	206
2238	13	206
2239	13	206
2240	13	206
2241	13	206
2242	13	206
2243	13	206
2244	13	206
2245	13	206
2246	13	206
2247	13	206
2248	13	206
2249	13	206
2250	13	206
2251	13	206
2252	13	206
2253	13	206
2254	13	206
2255	13	206
2256	13	206
2257	13	206
2258	13	206
2259	13	206
2260	13	206
2261	13	206
2262	13	206
2263	13	206
2264	13	206
2265	13	206
2266	13	206
2267	13	206
2268	13	206
2269	13	206
2270	13	206
2271	13	206
2272	13	206
2273	13	206
2274	13	206
2275	13	206
2276	13	206
2277	13	206
2278	13	206
2279	13	206
2280	13	206
2281	13	206
2282	13	206
2283	13	206
2284	13	206
2285	13	206
2286	13	206
2287	13	206
2288	13	206
2289	13	206
2290	13	206
2291	13	206
2292	13	206
2293	13	206
2294	13	206
2295	13	206
2296	13	206
2297	13	206
2298	13	206
2299	13	206
2300	13	207
2301	13	207
2302	13	207
2303	13	207
2304	13	207
2305	13	207
2306	13	207
2307	13	207
2308	13	207
2309	13	207
2310	13	207
2311	13	207
2312	13	207
2313	13	207
2314	13	207
2315	13	207
2316	13	207
2317	13	207
2318	13	207
2319	13	207
2320	13	207
2321	13	207
2322	13	207
2323	13	207
2324	13	207
2325	13	207
2326	13	207
2327	13	207
2329	13	207
2330	13	207
2331	13	207
2333	13	207
2334	13	207
2335	13	207
2336	13	207
2337	13	207
2338	13	207
2339	13	207
2340	13	207
2341	13	207
2342	13	207
2343	13	207
2344	13	207
2345	13	207
2346	13	207
2347	13	207
2348	13	207
2349	13	207
2350	13	207
2351	13	207
2352	13	207
2353	13	207
2354	13	207
2355	13	207
2356	13	207
2357	13	207
2358	13	207
2359	13	207
2360	13	207
2361	13	207
2362	13	207
2363	13	207
2364	13	209
2365	13	209
2366	13	209
2367	13	209
2368	13	209
2369	13	209
2370	13	209
2371	13	209
2372	13	209
2373	13	209
2375	13	209
2377	13	209
2378	13	209
2379	13	209
2380	13	209
2381	13	209
2382	13	209
2383	13	209
2384	13	209
2385	13	209
2387	13	209
2388	13	209
2389	13	209
2390	13	209
2391	13	209
2392	13	209
2393	13	209
2394	13	209
2395	13	209
2396	13	209
2397	13	209
2398	13	209
2399	13	209
2400	13	209
2401	13	209
2402	13	209
2404	13	209
2405	13	209
2406	13	209
2407	13	209
2408	13	209
2409	13	209
2410	13	209
2411	13	209
2412	13	209
2413	13	209
2414	13	209
2415	13	209
2416	13	209
2417	13	209
2418	13	209
2419	13	209
2421	13	209
2422	13	209
2423	13	209
2424	13	209
2425	13	209
2426	13	209
2428	13	209
2429	13	209
2430	13	209
2431	13	209
2432	13	209
2433	13	209
2434	13	209
2435	13	209
2436	13	209
2438	13	209
2439	13	209
2440	13	209
2442	13	209
2443	13	209
2444	13	209
2445	13	209
2446	13	209
2447	13	209
2448	13	209
2449	13	209
2450	13	209
2451	13	209
2452	13	209
2453	13	209
2454	13	209
2455	13	209
2456	13	209
2457	13	209
2458	13	209
2459	13	209
2460	13	209
2461	13	209
2462	13	209
2463	13	209
2464	13	209
2465	13	209
2466	13	209
2467	13	209
2468	13	209
2469	13	209
2470	13	209
2471	13	209
2472	13	209
2473	13	209
2474	13	209
2475	13	209
2476	13	209
2477	13	209
2478	13	209
2479	13	209
2480	13	209
2481	13	209
2482	13	209
2484	13	209
2485	13	209
2486	13	209
2487	13	209
2488	13	209
2489	13	209
2490	13	209
2491	13	209
2492	13	209
2493	13	209
2494	13	209
2495	13	209
2496	13	209
2497	13	209
2498	13	209
2499	13	209
2500	13	209
2501	13	209
2502	13	209
2503	13	209
2504	13	209
2505	13	209
2506	13	209
2507	13	209
2508	13	209
2509	13	209
2510	13	209
2511	13	209
2512	13	209
2513	13	209
2514	13	209
2515	13	209
2516	13	209
2517	13	209
2518	13	209
2519	13	210
2520	13	210
2521	13	210
2522	13	210
2523	13	210
2524	13	210
2525	13	210
2526	13	210
2527	13	210
2528	13	210
2529	13	210
2530	13	210
2531	13	210
2532	13	210
2534	13	210
2535	13	210
2536	13	210
2537	13	210
2538	13	210
2539	13	210
2540	13	210
2541	13	210
2542	13	210
2543	13	210
2544	13	210
2545	13	210
2546	13	210
2547	13	210
2549	13	210
2550	13	210
2551	13	210
2552	13	210
2553	13	210
2554	13	210
2555	13	210
2556	13	210
2557	13	210
2558	13	210
2559	13	210
2560	13	210
2561	13	210
2562	13	210
2563	13	210
2564	13	210
2565	13	210
2567	13	210
2568	13	210
2569	13	210
2570	13	210
2571	13	210
2572	13	210
2573	13	210
2574	13	210
2575	13	210
2576	13	210
2577	13	210
2578	13	210
2579	13	210
2580	13	210
2581	13	210
2582	13	210
2583	13	210
2584	13	210
2585	13	210
2586	13	210
2587	13	210
2588	13	210
2589	13	210
2590	13	210
2591	13	210
2592	13	210
2593	13	210
2594	13	210
2596	13	210
2597	13	210
2598	13	210
2599	13	210
2600	13	210
2601	13	210
2602	13	210
2603	13	210
2604	13	210
2605	13	210
2606	13	210
2607	13	210
2608	13	210
2609	13	210
2610	13	210
2611	13	210
2612	13	210
2613	13	210
2614	13	210
2615	13	210
2616	13	210
2617	13	210
2618	13	210
2619	13	210
2620	13	210
2621	13	210
2622	13	210
2623	13	210
2624	13	210
2625	13	210
2626	13	210
2627	13	210
2628	13	210
2629	13	210
2630	13	210
2631	13	210
2632	13	210
2633	13	210
2634	13	210
2635	13	210
2636	13	210
2637	13	210
2638	13	210
2639	13	210
2640	13	210
2641	13	210
2642	13	210
2643	13	210
2644	13	210
2645	13	210
2646	13	210
2647	13	210
2648	13	210
2649	13	210
2650	13	210
2651	13	210
2652	13	210
2653	13	210
2655	13	210
2656	13	210
2657	13	210
2658	13	210
2659	13	210
2660	13	210
2661	13	210
2662	13	210
2663	13	210
2664	13	210
2665	13	210
2666	13	210
2667	13	210
2668	13	210
2669	13	210
2670	13	210
2671	13	210
2672	13	210
2673	13	210
2674	13	210
2675	13	210
2676	13	210
2677	13	210
2678	13	210
2679	13	210
2680	13	210
2681	13	210
2682	13	210
2683	13	210
2684	13	210
2685	13	210
2686	13	210
2687	13	210
2688	13	210
2689	13	210
2690	13	210
2691	13	210
2692	13	210
2693	13	210
2694	13	210
2695	13	210
2696	13	210
2697	13	210
2698	13	210
2699	13	210
2700	13	210
2701	13	210
2702	13	210
2703	13	210
2704	13	210
2705	13	210
2706	13	210
2707	13	210
2708	13	210
2709	13	210
2710	13	210
2711	13	210
2712	13	210
2713	13	210
2714	13	210
2715	13	210
2716	13	210
2717	13	210
2719	13	210
2720	13	210
2721	13	210
2722	13	210
2723	13	210
2724	13	214
2725	13	214
2728	13	214
2729	13	214
2730	13	214
2731	13	214
2732	13	214
2733	13	214
2734	13	214
2735	13	214
2736	13	214
2737	13	214
2738	13	214
2739	13	214
2740	13	214
2741	13	214
2742	13	214
2743	13	214
2744	13	214
2745	13	214
2746	13	214
2747	13	214
2748	13	214
2749	13	214
2750	13	214
2751	13	214
2752	13	214
2753	13	214
2754	13	214
2755	13	214
2757	13	214
2758	13	214
2759	13	214
2760	13	214
2761	13	214
2762	13	214
2763	13	214
2764	13	214
2765	13	214
2766	13	214
2767	13	214
2768	13	214
2769	13	214
2770	13	214
2771	13	214
2772	13	214
2773	13	214
2774	13	214
2775	13	214
2776	13	214
2777	13	214
2778	13	214
2779	13	214
2780	14	000
2781	14	000
2782	14	000
2783	14	000
2784	14	000
2785	14	000
2786	14	000
2787	14	000
2788	14	000
2789	14	000
2790	14	000
2791	14	000
2792	14	000
2793	14	000
2794	14	000
2795	14	000
2796	14	000
2797	14	000
2798	14	000
2799	14	000
2800	14	000
2801	14	000
2802	14	000
2803	14	000
2804	14	000
2805	14	000
2806	14	000
2807	14	000
2808	14	000
2809	14	000
2810	14	000
2811	14	000
2812	14	000
2813	14	000
2814	14	000
2815	14	000
2816	14	000
2817	14	000
2818	14	000
2819	14	000
2820	14	000
2821	14	000
2822	14	000
2823	14	000
2824	14	000
2825	14	000
2826	14	000
2827	14	000
2828	14	000
2829	14	000
2830	14	000
2831	14	000
2832	14	000
2833	14	000
2834	14	000
2835	14	000
2836	14	000
2837	14	000
2838	14	000
2839	14	000
2840	14	000
2841	14	000
2842	14	000
2843	14	000
2844	14	000
2845	14	000
2846	14	000
2847	14	000
2848	14	000
2849	14	000
2850	14	000
2851	14	000
2852	14	000
2853	14	000
2854	14	000
2855	14	000
2856	14	000
2857	14	000
2858	14	000
2859	14	000
2860	14	000
2861	14	000
2862	14	000
2863	14	000
2864	14	000
2865	14	000
2866	14	000
2867	14	000
2868	14	000
2869	14	000
2870	14	000
2871	14	000
2872	14	000
2873	14	000
2874	14	000
2875	14	000
2876	14	000
2877	14	000
2878	14	000
2879	14	000
2880	14	000
2881	14	000
2882	14	000
2883	14	000
2884	14	000
2885	14	000
2886	14	000
2887	14	000
2888	14	000
2889	14	000
2890	14	000
2891	14	000
2892	14	000
2893	14	000
2894	14	000
2895	14	000
2896	14	000
2897	14	000
2898	14	000
2899	14	000
2900	14	000
2901	14	000
2902	14	000
2903	14	000
2904	14	000
2905	14	000
2906	14	000
2907	14	000
2908	14	000
2909	14	000
2910	14	000
2911	14	000
2912	14	000
2913	14	000
2914	14	000
2915	14	000
2916	14	000
2917	14	000
2918	14	000
2919	14	000
2920	14	000
2921	14	000
2922	14	000
2923	14	000
2924	14	000
2925	14	000
2926	14	000
2927	14	000
2928	14	000
2929	14	000
2930	14	000
2931	14	000
2932	14	000
2933	14	000
2934	14	000
2935	14	000
2936	14	000
2937	14	000
2938	14	000
2939	14	000
2940	14	000
2941	14	000
2942	14	000
2943	14	000
2944	14	000
2945	14	000
2946	14	000
2947	14	000
2948	14	000
2949	14	000
2950	14	000
2951	14	000
2952	14	000
2953	14	000
2954	14	000
2955	14	000
2956	14	000
2957	14	000
2958	14	000
2959	14	000
2960	14	000
2961	14	000
2962	14	000
2963	14	000
2964	14	000
2965	14	000
2966	14	000
2967	14	000
2968	14	000
2969	14	000
2970	14	000
2971	14	000
2972	14	000
2973	14	000
2974	14	000
2975	14	000
2976	14	000
2977	14	000
2978	14	000
2979	14	000
2980	14	000
2981	14	000
2982	14	000
2983	14	000
2984	14	000
2985	14	000
2986	14	000
2987	14	000
2988	14	000
2989	14	000
2990	14	000
2991	14	000
2992	14	000
2993	14	000
2994	14	000
2995	14	000
2996	14	000
2997	14	000
2998	14	000
2999	14	000
3000	14	000
3001	14	000
3002	14	000
3003	14	000
3004	14	000
3005	14	000
3006	14	000
3007	14	000
3008	14	000
3009	14	000
3010	14	000
3011	14	000
3012	14	000
3013	14	000
3014	14	000
3015	14	000
3016	14	000
3017	14	000
3018	14	000
3019	14	000
3020	14	000
3021	14	000
3022	14	000
3023	14	000
3024	14	000
3025	14	000
3026	14	000
3027	14	000
3028	14	000
3029	14	000
3030	14	000
3031	14	000
3032	14	000
3033	14	000
3034	14	000
3035	14	000
3036	14	000
3037	14	000
3038	14	000
3039	14	000
3040	14	000
3041	14	000
3042	14	000
3043	14	000
3044	14	000
3045	14	000
3046	14	000
3047	14	000
3048	14	000
3049	14	000
3050	14	000
3051	14	000
3052	14	000
3053	14	000
3054	14	000
3055	14	000
3056	14	000
3057	14	000
3058	14	000
3059	14	000
3060	14	000
3061	14	000
3062	14	000
3063	14	000
3064	14	000
3065	14	000
3066	14	000
3067	14	000
3068	14	000
3069	14	000
3070	14	000
3071	14	000
3072	14	000
3073	14	000
3074	14	000
3075	14	000
3076	14	000
3077	14	000
3078	14	000
3079	14	000
3080	14	000
3081	14	000
3082	14	000
3083	14	000
3084	14	000
3085	14	000
3086	14	000
3087	14	000
3088	14	000
3089	14	000
3090	14	000
3091	14	000
3092	14	000
3093	14	000
3094	14	000
3095	14	000
3096	14	000
3097	14	000
3098	14	000
3099	14	000
3100	14	000
3101	14	000
3102	14	000
3103	14	000
3104	14	000
3105	14	000
3106	14	000
3107	14	000
3108	14	000
3109	14	000
3110	14	000
3111	14	000
3112	14	000
3113	14	000
3114	14	000
3115	14	000
3116	14	000
3117	14	000
3118	14	000
3119	14	000
3120	14	000
3121	14	000
3122	14	000
3123	14	000
3124	14	000
3125	14	000
3126	14	000
3127	14	000
3128	14	000
3129	14	000
3130	14	000
3131	14	000
3132	14	000
3133	14	000
3134	14	000
3135	14	000
3136	14	000
3137	14	000
3138	14	000
3139	14	000
3140	14	000
3141	14	000
3142	14	000
3143	14	000
3144	14	000
3145	14	000
3146	14	000
3147	14	000
3148	14	000
3149	14	000
3150	14	000
3151	14	000
3152	14	000
3153	14	000
3154	14	000
3155	14	000
3156	14	000
3157	14	000
3158	14	000
3159	14	000
3160	14	000
3161	14	000
3162	14	000
3163	14	000
3164	14	000
3165	14	000
3166	14	000
3167	14	000
3168	14	000
3169	14	000
3170	14	000
3171	14	000
3172	14	000
3173	14	000
3174	14	000
3175	14	000
3176	14	000
3177	14	000
3178	14	000
3179	14	000
3180	14	000
3181	14	000
3182	14	000
3183	14	000
3184	14	000
3185	14	000
3186	14	000
3187	14	000
3188	14	000
3189	14	000
3190	14	000
3191	14	000
3192	14	000
3193	14	000
3194	14	000
3195	14	000
3196	14	000
3197	14	000
3198	14	000
3199	14	000
3200	14	000
3201	14	000
3202	14	001
3203	14	001
3204	14	001
3205	14	001
3206	14	001
3207	14	001
3208	14	001
3209	14	001
3210	14	001
3211	14	001
3212	14	001
3213	14	001
3216	14	001
3217	14	001
3218	14	001
3219	14	001
3221	14	001
3222	14	001
3223	14	001
3224	14	001
3225	14	001
3226	14	001
3227	14	001
3228	14	001
3229	14	001
3230	14	001
3231	14	001
3233	14	001
3234	14	001
3235	14	001
3236	14	001
3237	14	001
3238	14	001
3239	14	001
3240	14	001
3241	14	001
3242	14	001
3243	14	001
3244	14	001
3245	14	001
3246	14	001
3247	14	001
3248	14	001
3249	14	001
3250	14	001
3251	14	001
3252	14	001
3253	14	001
3254	14	001
3255	14	001
3256	14	001
3257	14	001
3258	14	001
3259	14	001
3260	14	001
3261	14	001
3262	14	001
3263	14	001
3264	14	001
3265	14	001
3266	14	001
3267	14	001
3268	14	001
3269	14	001
3270	14	001
3271	14	001
3272	14	001
3273	14	001
3274	14	001
3275	14	001
3276	14	001
3277	14	001
3278	14	001
3279	14	001
3280	14	001
3281	14	001
3282	14	001
3283	14	001
3284	14	001
3285	14	001
3287	14	001
3288	14	001
3289	14	001
3290	14	001
3291	14	001
3292	14	001
3293	14	001
3294	14	001
3295	14	001
3296	14	001
3297	14	001
3298	14	001
3299	14	001
3300	14	001
3301	14	001
3302	14	001
3303	14	001
3304	14	001
3305	14	001
3306	14	007
3307	14	007
3308	14	007
3309	14	007
3310	14	007
3311	14	007
3312	14	007
3313	14	007
3314	14	007
3315	14	007
3316	14	007
3317	14	007
3318	14	007
3319	14	007
3320	14	007
3321	14	007
3322	14	007
3323	14	007
3324	14	007
3325	14	007
3326	14	007
3327	14	007
3328	14	007
3329	14	007
3330	14	007
3331	14	007
3332	14	007
3333	14	007
3334	14	007
3335	14	007
3336	14	007
3337	14	007
3338	14	007
3339	14	007
3340	14	007
3341	14	007
3342	14	007
3343	14	007
3344	14	007
3345	14	007
3346	14	007
3347	14	007
3348	14	007
3349	14	007
3350	14	007
3351	14	007
3352	14	007
3353	14	007
3354	14	007
3355	14	007
3356	14	007
3357	14	007
3358	14	007
3359	14	007
3360	14	007
3361	14	007
3362	14	007
3363	14	007
3364	14	007
3365	14	007
3366	14	007
3367	14	007
3368	14	007
3369	14	007
3370	14	007
3371	14	007
3372	14	007
3373	14	007
3374	14	007
3375	14	007
3376	14	007
3377	14	007
3378	14	007
3379	14	007
3380	14	007
3381	14	007
3382	14	007
3383	14	007
3384	14	007
3385	14	007
3386	14	007
3387	14	007
3388	14	007
3389	14	007
3390	14	007
3391	14	007
3392	14	007
3393	14	007
3394	14	007
3395	14	007
3396	14	007
3397	14	007
3398	14	007
3399	14	007
3400	14	007
3401	14	007
3402	14	007
3403	14	007
3404	14	007
3405	14	007
3406	14	011
3407	14	011
3408	14	011
3409	14	011
3410	14	011
3411	14	011
3412	14	011
3413	14	011
3414	14	011
3415	14	011
3416	14	011
3417	14	011
3418	14	011
3419	14	011
3420	14	011
3421	14	011
3422	14	011
3423	14	011
3424	14	011
3425	14	011
3426	14	011
3427	14	011
3428	14	011
3429	14	011
3430	14	011
3431	14	011
3432	14	011
3433	14	011
3434	14	011
3435	14	011
3436	14	011
3437	14	011
3438	14	011
3439	14	011
3440	14	011
3441	14	011
3442	14	011
3443	14	011
3444	14	011
3445	14	011
3446	14	011
3447	14	011
3448	14	011
3449	14	011
3450	14	011
3451	14	011
3452	14	011
3453	14	011
3454	14	011
3455	14	011
3456	14	011
3457	14	011
3458	14	011
3459	14	011
3460	14	011
3461	14	011
3462	14	011
3463	14	011
3464	14	011
3465	14	011
3466	14	011
3467	14	011
3468	14	011
3470	14	011
3471	14	011
3472	14	011
3473	14	011
3474	14	011
3475	14	011
3476	14	011
3477	14	011
3478	14	011
3479	14	011
3480	14	011
3481	14	011
3482	14	011
3483	14	011
3484	14	011
3485	14	011
3486	14	011
3488	14	011
3489	14	011
3490	14	011
3491	14	011
3492	14	203
3493	14	203
3494	14	203
3495	14	203
3496	14	203
3497	14	203
3498	14	203
3499	14	203
3500	14	203
3501	14	203
3502	14	203
3503	14	203
3504	14	203
3505	14	203
3506	14	203
3507	14	203
3508	14	203
3509	14	203
3510	14	203
3511	14	203
3512	14	203
3513	14	203
3514	14	203
3515	14	203
3516	14	203
3517	14	203
3518	14	203
3519	14	203
3520	14	203
3521	14	203
3522	14	203
3523	14	203
3524	14	203
3525	14	203
3526	14	203
3527	14	203
3528	14	203
3529	14	203
3530	14	203
3531	14	203
3532	14	203
3533	14	203
3534	14	203
3535	14	203
3536	14	203
3537	14	203
3538	14	203
3539	14	203
3540	14	203
3541	14	203
3542	14	203
3543	14	203
3544	14	203
3545	14	203
3546	14	203
3547	14	203
3548	14	203
3549	14	203
3550	14	203
3551	14	203
3552	14	203
3553	14	203
3554	14	203
3555	14	203
3556	14	203
3557	14	203
3558	14	203
3559	14	203
3560	14	203
3561	14	203
3562	14	203
3563	14	203
3564	14	203
3565	14	203
3566	14	203
3567	14	203
3568	14	203
3569	14	203
3570	14	203
3571	14	203
3572	14	203
3573	14	203
3574	14	203
3575	14	203
3576	14	203
3577	14	203
3578	14	203
3579	14	203
3580	14	203
3581	14	203
3582	14	203
3583	14	203
3584	14	203
3585	14	203
3586	14	203
3587	14	203
3588	14	203
3589	14	203
3590	14	203
3591	14	203
3592	14	203
3593	14	203
3594	14	203
3595	14	203
3596	14	203
3597	14	203
3598	14	203
3599	14	203
3600	14	203
3601	14	203
3602	14	203
3603	14	203
3604	14	203
3605	14	203
3606	14	203
3607	14	203
3608	14	203
3609	14	203
3610	14	203
3611	14	203
3612	14	203
3613	14	203
3614	14	203
3615	14	203
3616	14	203
3617	14	203
3618	14	203
3619	14	203
3620	14	203
3621	14	203
3622	14	203
3623	14	203
3624	14	203
3625	14	203
3626	14	203
3627	14	203
3628	14	203
3629	14	203
3630	14	203
3631	14	203
3632	14	203
3633	14	203
3634	14	203
3635	14	203
3636	14	203
3637	14	203
3638	14	203
3639	14	203
3640	14	203
3641	14	203
3642	14	203
3643	14	203
3644	14	203
3645	14	203
3646	14	203
3647	14	203
3648	14	203
3649	14	203
3650	14	203
3651	14	203
3652	14	203
3653	14	203
3654	14	203
3655	14	203
3656	14	203
3657	14	203
3658	14	203
3659	14	203
3660	14	203
3661	14	203
3662	14	203
3663	14	203
3664	14	203
3665	14	203
3666	14	203
3667	14	203
3668	14	203
3669	14	203
3670	14	203
3671	14	203
3672	14	203
3673	14	203
3674	14	203
3675	14	203
3676	14	203
3677	14	203
3678	14	203
3679	14	203
3680	14	203
3681	14	203
3682	14	203
3683	14	203
3684	14	203
3685	14	203
3686	14	203
3687	14	203
3688	14	203
3689	14	203
3690	14	203
3691	14	203
3692	14	203
3693	14	203
3694	14	203
3695	14	203
3696	14	203
3697	14	203
3698	14	203
3699	14	203
3700	14	203
3701	14	203
3702	14	203
3703	14	203
3704	14	203
3705	14	203
3706	14	203
3707	14	203
3708	14	203
3709	14	203
3710	14	203
3711	14	203
3712	14	203
3713	14	203
3714	14	203
3715	14	203
3716	14	203
3717	14	203
3718	14	203
3719	14	203
3720	14	203
3721	14	203
3722	14	203
3723	14	203
3724	14	203
3725	14	203
3726	14	203
3727	14	203
3728	14	203
3729	14	203
3730	14	203
3731	14	203
3732	14	203
3733	14	203
3734	14	203
3735	14	203
3736	14	203
3737	14	203
3738	14	203
3739	14	203
3740	14	203
3741	14	203
3742	14	203
3743	14	203
3744	14	203
3745	14	203
3746	14	203
3747	14	203
3748	14	203
3749	14	203
3750	14	203
3751	14	203
3752	14	203
3753	14	203
3754	14	203
3755	14	203
3756	14	203
3757	14	203
3758	14	203
3759	14	204
3760	14	204
3761	14	204
3762	14	204
3763	14	204
3764	14	204
3765	14	204
3766	14	204
3767	14	204
3768	14	204
3769	14	204
3770	14	204
3771	14	204
3772	14	204
3773	14	204
3774	14	204
3775	14	204
3776	14	204
3777	14	204
3778	14	204
3779	14	204
3780	14	204
3781	14	204
3782	14	204
3783	14	204
3784	14	204
3785	14	204
3786	14	204
3787	14	204
3788	14	204
3789	14	204
3790	14	204
3791	14	204
3792	14	204
3793	14	204
3794	14	204
3795	14	204
3796	14	204
3797	14	204
3798	14	204
3799	14	204
3800	14	204
3801	14	204
3802	14	204
3803	14	204
3804	14	204
3805	14	204
3806	14	204
3807	14	204
3808	14	204
3809	14	204
3810	14	204
3811	14	204
3812	14	204
3813	14	204
3814	14	204
3815	14	204
3816	14	204
3817	14	204
3818	14	204
3819	14	204
3820	14	204
3821	14	204
3822	14	204
3823	14	204
3824	14	206
3825	14	206
3826	14	206
3827	14	206
3828	14	206
3829	14	206
3830	14	206
3831	14	206
3832	14	206
3833	14	206
3834	14	206
3835	14	206
3836	14	206
3837	14	206
3838	14	206
3839	14	206
3840	14	206
3841	14	206
3842	14	206
3843	14	206
3844	14	206
3845	14	206
3846	14	206
3847	14	206
3848	14	206
3849	14	206
3850	14	206
3851	14	206
3852	14	206
3853	14	206
3854	14	206
3855	14	206
3856	14	206
3857	14	206
3858	14	206
3859	14	206
3860	14	206
3861	14	206
3862	14	206
3863	14	206
3864	14	206
3865	14	206
3866	14	206
3867	14	206
3868	14	206
3869	14	206
3870	14	206
3871	14	206
3872	14	206
3873	14	206
3874	14	206
3875	14	206
3876	14	206
3877	14	206
3878	14	206
3879	14	206
3880	14	206
3881	14	206
3882	14	206
3883	14	206
3884	14	206
3885	14	206
3886	14	206
3887	14	206
3888	14	206
3889	14	206
3890	14	206
3891	14	206
3892	14	206
3893	14	206
3894	14	206
3895	14	206
3896	14	206
3897	14	206
3898	14	206
3899	14	206
3900	14	206
3901	14	206
3902	14	206
3903	14	206
3904	14	206
3905	14	206
3906	14	206
3907	14	206
3908	14	206
3909	14	206
3910	14	206
3911	14	206
3912	14	206
3913	14	206
3914	14	206
3915	14	206
3916	14	206
3917	14	206
3918	14	206
3919	14	206
3920	14	206
3921	14	206
3922	14	206
3923	14	206
3924	14	206
3925	14	206
3926	14	206
3927	14	206
3928	14	206
3929	14	206
3930	14	206
3931	14	206
3932	14	206
3933	14	206
3934	14	206
3935	14	206
3936	14	206
3937	14	206
3938	14	206
3939	14	206
3940	14	206
3941	14	206
3942	14	206
3943	14	206
3944	14	206
3945	14	206
3946	14	206
3947	14	206
3948	14	206
3949	14	206
3950	14	206
3951	14	206
3952	14	206
3953	14	206
3954	14	206
3955	14	206
3956	14	206
3957	14	206
3958	14	206
3959	14	206
3960	14	206
3961	14	206
3963	14	206
3964	14	206
3965	14	206
3966	14	206
3967	14	206
3968	14	206
3969	14	206
3970	14	206
3971	14	206
3972	14	206
3973	14	206
3974	14	206
3975	14	206
3976	14	206
3977	14	206
3978	14	206
3979	14	206
3980	14	206
3981	14	206
3982	14	206
3983	14	206
3984	14	206
3985	14	206
3986	14	206
3987	14	206
3988	14	206
3989	14	206
3990	14	206
3991	14	206
3992	14	206
3993	14	206
3994	14	206
3995	14	206
3996	14	206
3997	14	206
3998	14	206
3999	14	206
4000	14	206
4001	14	206
4002	14	206
4003	14	206
4004	14	206
4005	14	206
4006	14	206
4007	14	206
4008	14	206
4009	14	206
4010	14	206
4011	14	206
4012	14	206
4013	14	206
4014	14	206
4015	14	206
4016	14	206
4017	14	206
4018	14	206
4019	14	206
4020	14	206
4021	14	206
4022	14	206
4023	14	206
4024	14	206
4025	14	206
4026	14	206
4027	14	206
4028	14	206
4029	14	206
4030	14	206
4031	14	206
4032	14	206
4033	14	206
4034	14	206
4035	14	206
4036	14	206
4037	14	206
4038	14	206
4039	14	206
4040	14	206
4041	14	207
4042	14	207
4043	14	207
4044	14	207
4045	14	207
4046	14	207
4047	14	207
4048	14	207
4049	14	207
4050	14	207
4051	14	207
4052	14	207
4053	14	207
4054	14	207
4055	14	207
4056	14	207
4057	14	207
4058	14	207
4059	14	207
4060	14	207
4061	14	207
4062	14	207
4063	14	207
4064	14	207
4065	14	207
4066	14	207
4067	14	207
4068	14	207
4069	14	207
4070	14	207
4071	14	207
4072	14	207
4073	14	207
4074	14	207
4075	14	207
4076	14	207
4077	14	207
4078	14	207
4079	14	207
4080	14	207
4081	14	207
4082	14	207
4083	14	207
4084	14	207
4085	14	207
4086	14	207
4087	14	207
4088	14	207
4089	14	207
4090	14	207
4091	14	207
4092	14	207
4093	14	207
4094	14	207
4095	14	207
4096	14	207
4097	14	207
4098	14	207
4099	14	207
4100	14	207
4101	14	207
4102	14	207
4103	14	207
4104	14	207
4105	14	207
4106	14	207
4107	14	207
4108	14	207
4109	14	207
4110	14	207
4111	14	207
4112	14	207
4113	14	207
4114	14	207
4115	14	207
4116	14	207
4117	14	207
4118	14	207
4119	14	207
4120	14	207
4121	14	207
4122	14	209
4123	14	209
4124	14	209
4125	14	209
4126	14	209
4127	14	209
4128	14	209
4129	14	209
4130	14	209
4131	14	209
4132	14	209
4133	14	209
4134	14	209
4135	14	209
4136	14	209
4137	14	209
4138	14	209
4139	14	209
4140	14	209
4141	14	209
4142	14	209
4143	14	209
4144	14	209
4145	14	209
4146	14	209
4147	14	209
4148	14	209
4149	14	209
4150	14	209
4151	14	209
4152	14	209
4153	14	209
4154	14	209
4155	14	209
4156	14	209
4157	14	209
4158	14	209
4159	14	209
4160	14	209
4161	14	209
4162	14	209
4163	14	209
4164	14	209
4166	14	209
4168	14	209
4169	14	209
4170	14	209
4171	14	209
4172	14	209
4173	14	209
4174	14	209
4175	14	209
4176	14	209
4177	14	209
4178	14	209
4179	14	209
4180	14	209
4181	14	209
4183	14	209
4184	14	209
4185	14	209
4186	14	209
4187	14	209
4188	14	209
4189	14	209
4190	14	209
4191	14	209
4192	14	209
4193	14	209
4194	14	209
4195	14	209
4196	14	209
4197	14	209
4198	14	209
4199	14	209
4200	14	209
4201	14	209
4202	14	209
4203	14	209
4204	14	209
4205	14	209
4206	14	209
4207	14	209
4208	14	209
4209	14	209
4210	14	209
4211	14	209
4212	14	209
4214	14	209
4215	14	209
4216	14	209
4217	14	209
4218	14	209
4219	14	209
4220	14	209
4221	14	209
4222	14	209
4223	14	209
4224	14	209
4225	14	209
4226	14	209
4227	14	209
4228	14	209
4229	14	209
4230	14	209
4231	14	209
4232	14	209
4233	14	209
4234	14	209
4235	14	209
4236	14	209
4237	14	209
4238	14	209
4239	14	209
4240	14	209
4241	14	209
4242	14	209
4243	14	209
4244	14	209
4245	14	209
4246	14	209
4247	14	209
4248	14	209
4249	14	209
4250	14	209
4251	14	209
4252	14	209
4253	14	209
4254	14	209
4255	14	209
4256	14	209
4257	14	209
4258	14	209
4259	14	209
4260	14	209
4261	14	209
4262	14	209
4263	14	209
4264	14	209
4266	14	209
4267	14	209
4268	14	209
4269	14	209
4270	14	209
4271	14	209
4272	14	209
4273	14	209
4274	14	209
4275	14	209
4276	14	209
4277	14	209
4278	14	209
4279	14	209
4280	14	209
4281	14	209
4282	14	209
4283	14	209
4284	14	209
4285	14	209
4286	14	209
4288	14	209
4289	14	209
4290	14	209
4291	14	209
4292	14	209
4293	14	209
4294	14	209
4295	14	209
4296	14	209
4297	14	209
4298	14	209
4299	14	210
4300	14	210
4301	14	210
4302	14	210
4303	14	210
4304	14	210
4305	14	210
4306	14	210
4307	14	210
4308	14	210
4309	14	210
4310	14	210
4311	14	210
4312	14	210
4313	14	210
4314	14	210
4315	14	210
4316	14	210
4317	14	210
4318	14	210
4319	14	210
4320	14	210
4321	14	210
4322	14	210
4323	14	210
4324	14	210
4325	14	210
4326	14	210
4327	14	210
4328	14	210
4329	14	210
4330	14	210
4331	14	210
4332	14	210
4333	14	210
4334	14	210
4335	14	210
4336	14	210
4337	14	210
4338	14	210
4339	14	210
4340	14	210
4341	14	210
4342	14	210
4343	14	210
4344	14	210
4345	14	210
4347	14	210
4348	14	210
4349	14	210
4350	14	210
4351	14	210
4352	14	210
4353	14	210
4354	14	210
4355	14	210
4356	14	210
4357	14	210
4358	14	210
4359	14	210
4360	14	210
4361	14	210
4362	14	210
4363	14	210
4364	14	210
4365	14	210
4366	14	210
4367	14	210
4368	14	210
4369	14	210
4370	14	210
4371	14	210
4372	14	210
4373	14	210
4374	14	210
4375	14	210
4376	14	210
4377	14	210
4378	14	210
4379	14	210
4380	14	210
4382	14	210
4383	14	210
4384	14	210
4385	14	210
4386	14	210
4387	14	210
4388	14	210
4389	14	210
4390	14	210
4391	14	210
4392	14	210
4393	14	210
4394	14	210
4395	14	210
4396	14	210
4397	14	210
4398	14	210
4399	14	210
4400	14	210
4401	14	210
4402	14	210
4403	14	210
4404	14	210
4405	14	210
4406	14	210
4407	14	210
4408	14	210
4409	14	210
4410	14	210
4411	14	210
4412	14	210
4413	14	210
4415	14	210
4416	14	210
4417	14	210
4418	14	210
4419	14	210
4420	14	210
4421	14	210
4422	14	210
4423	14	210
4424	14	210
4425	14	210
4426	14	210
4427	14	210
4428	14	210
4429	14	210
4430	14	210
4431	14	210
4432	14	210
4433	14	210
4434	14	210
4435	14	210
4436	14	210
4437	14	210
4438	14	210
4439	14	210
4440	14	210
4441	14	210
4442	14	210
4444	14	210
4445	14	210
4446	14	210
4447	14	210
4448	14	210
4449	14	210
4450	14	210
4451	14	210
4452	14	210
4453	14	210
4454	14	210
4455	14	210
4456	14	210
4457	14	210
4458	14	210
4459	14	210
4460	14	210
4461	14	210
4462	14	210
4463	14	210
4464	14	210
4465	14	210
4466	14	210
4467	14	210
4468	14	210
4469	14	210
4470	14	210
4471	14	210
4472	14	210
4473	14	210
4474	14	210
4475	14	210
4476	14	210
4477	14	210
4478	14	210
4479	14	210
4480	14	210
4481	14	210
4482	14	210
4483	14	210
4484	14	210
4485	14	210
4486	14	210
4487	14	210
4489	14	210
4490	14	210
4491	14	210
4492	14	210
4493	14	210
4494	14	210
4495	14	210
4496	14	210
4498	14	210
4499	14	210
4500	14	210
4501	14	210
4502	14	210
4503	14	210
4504	14	210
4505	14	214
4506	14	214
4507	14	214
4508	14	214
4509	14	214
4510	14	214
4511	14	214
4512	14	214
4513	14	214
4514	14	214
4515	14	214
4516	14	214
4517	14	214
4518	14	214
4519	14	214
4520	14	214
4521	14	214
4523	14	214
4524	14	214
4525	14	214
4526	14	214
4527	14	214
4528	14	214
4529	14	214
4530	14	214
4531	14	214
4532	14	214
4533	14	214
4534	14	214
4535	14	214
4537	14	214
4538	14	214
4539	14	214
4540	14	214
4541	14	214
4542	14	214
4543	14	214
4544	14	214
4545	14	214
4546	14	214
4547	14	214
4548	14	214
4549	14	214
4550	14	214
4551	14	214
4552	14	214
4553	14	214
4554	14	214
4555	14	214
4556	14	214
4557	14	214
4558	14	214
4559	14	214
4560	14	214
4561	15	000
4562	15	000
4563	15	000
4564	15	000
4565	15	000
4566	15	000
4567	15	000
4568	15	000
4569	15	000
4570	15	000
4571	15	000
4572	15	000
4573	15	000
4574	15	000
4575	15	000
4576	15	000
4577	15	000
4578	15	000
4579	15	000
4580	15	000
4581	15	000
4582	15	000
4583	15	000
4584	15	000
4585	15	000
4586	15	000
4587	15	000
4588	15	000
4589	15	000
4590	15	000
4591	15	000
4592	15	000
4593	15	000
4594	15	000
4595	15	000
4596	15	000
4597	15	000
4598	15	000
4599	15	000
4600	15	000
4601	15	000
4602	15	000
4603	15	000
4604	15	000
4605	15	000
4606	15	000
4607	15	000
4608	15	000
4609	15	000
4610	15	000
4611	15	000
4612	15	000
4613	15	000
4614	15	000
4615	15	000
4616	15	000
4617	15	000
4618	15	000
4619	15	000
4620	15	000
4621	15	000
4622	15	000
4623	15	000
4624	15	000
4625	15	000
4626	15	000
4627	15	000
4628	15	000
4629	15	000
4630	15	000
4631	15	000
4632	15	000
4633	15	000
4634	15	000
4635	15	000
4636	15	000
4637	15	000
4638	15	000
4639	15	000
4640	15	000
4641	15	000
4642	15	000
4643	15	000
4644	15	000
4645	15	000
4646	15	000
4647	15	000
4648	15	000
4649	15	000
4650	15	000
4651	15	000
4652	15	000
4653	15	000
4654	15	000
4655	15	000
4656	15	000
4657	15	000
4658	15	000
4659	15	000
4660	15	000
4661	15	000
4662	15	000
4663	15	000
4664	15	000
4665	15	000
4666	15	000
4667	15	000
4668	15	000
4669	15	000
4670	15	000
4671	15	000
4672	15	000
4673	15	000
4674	15	000
4675	15	000
4676	15	000
4677	15	000
4678	15	000
4679	15	000
4680	15	000
4681	15	000
4682	15	000
4683	15	000
4684	15	000
4685	15	000
4686	15	000
4687	15	000
4688	15	000
4689	15	000
4690	15	000
4691	15	000
4692	15	000
4693	15	000
4694	15	000
4695	15	000
4696	15	000
4697	15	000
4698	15	000
4699	15	000
4700	15	000
4701	15	000
4702	15	000
4703	15	000
4704	15	000
4705	15	000
4706	15	000
4707	15	000
4708	15	000
4709	15	000
4710	15	000
4711	15	000
4712	15	000
4713	15	000
4714	15	000
4715	15	000
4716	15	000
4717	15	000
4718	15	000
4719	15	000
4720	15	000
4721	15	000
4722	15	000
4723	15	000
4724	15	000
4725	15	000
4726	15	000
4727	15	000
4728	15	000
4729	15	000
4730	15	000
4731	15	000
4732	15	000
4733	15	000
4734	15	000
4735	15	000
4736	15	000
4737	15	000
4738	15	000
4739	15	000
4740	15	000
4741	15	000
4742	15	000
4743	15	000
4744	15	000
4745	15	000
4746	15	000
4747	15	000
4748	15	000
4749	15	000
4750	15	000
4751	15	000
4752	15	000
4753	15	000
4754	15	000
4755	15	000
4756	15	000
4757	15	000
4758	15	000
4759	15	000
4760	15	000
4761	15	000
4762	15	000
4763	15	000
4764	15	000
4765	15	000
4766	15	000
4767	15	000
4768	15	000
4769	15	000
4770	15	000
4771	15	000
4772	15	000
4773	15	000
4774	15	000
4775	15	000
4776	15	000
4777	15	000
4778	15	000
4779	15	000
4780	15	000
4781	15	000
4782	15	000
4783	15	000
4784	15	000
4785	15	000
4786	15	000
4787	15	000
4788	15	000
4789	15	000
4790	15	000
4791	15	000
4792	15	000
4793	15	000
4794	15	000
4795	15	000
4796	15	000
4797	15	000
4798	15	000
4799	15	000
4800	15	000
4801	15	000
4802	15	000
4803	15	000
4804	15	000
4805	15	000
4806	15	000
4807	15	000
4808	15	000
4809	15	000
4810	15	000
4811	15	000
4812	15	000
4813	15	000
4814	15	000
4815	15	000
4816	15	000
4817	15	000
4818	15	000
4819	15	000
4820	15	000
4821	15	000
4822	15	000
4823	15	000
4824	15	000
4825	15	000
4826	15	000
4827	15	000
4828	15	000
4829	15	000
4830	15	000
4831	15	000
4832	15	000
4833	15	000
4834	15	000
4835	15	000
4836	15	000
4837	15	000
4838	15	000
4839	15	000
4840	15	000
4841	15	000
4842	15	000
4843	15	000
4844	15	000
4845	15	000
4846	15	000
4847	15	000
4848	15	000
4849	15	000
4850	15	000
4851	15	000
4852	15	000
4853	15	000
4854	15	000
4855	15	000
4856	15	000
4857	15	000
4858	15	000
4859	15	000
4860	15	000
4861	15	000
4862	15	000
4863	15	000
4864	15	000
4865	15	000
4866	15	000
4867	15	000
4868	15	000
4869	15	000
4870	15	000
4871	15	000
4872	15	000
4873	15	000
4874	15	000
4875	15	000
4876	15	000
4877	15	000
4878	15	000
4879	15	000
4880	15	000
4881	15	000
4882	15	000
4883	15	000
4884	15	000
4885	15	000
4886	15	000
4887	15	000
4888	15	000
4889	15	000
4890	15	000
4891	15	000
4892	15	000
4893	15	000
4894	15	000
4895	15	000
4896	15	000
4897	15	000
4898	15	000
4899	15	000
4900	15	000
4901	15	000
4902	15	000
4903	15	000
4904	15	000
4905	15	000
4906	15	000
4907	15	000
4908	15	000
4909	15	000
4910	15	000
4911	15	000
4912	15	000
4913	15	000
4914	15	000
4915	15	000
4916	15	000
4917	15	000
4918	15	000
4919	15	000
4920	15	010
4921	15	010
4922	15	010
4923	15	010
4924	15	010
4925	15	010
4926	15	010
4927	15	010
4928	15	010
4929	15	010
4930	15	010
4931	15	010
4932	15	010
4933	15	010
4934	15	010
4935	15	010
4936	15	010
4937	15	010
4938	15	010
4939	15	010
4940	15	010
4941	15	010
4942	15	010
4943	15	010
4944	15	010
4945	15	010
4946	15	010
4947	15	010
4948	15	010
4949	15	010
4950	15	010
4951	15	010
4952	15	010
4953	15	010
4954	15	010
4955	15	010
4956	15	010
4957	15	010
4958	15	010
4959	15	010
4960	15	010
4961	15	010
4962	15	010
4963	15	010
4964	15	010
4965	15	010
4966	15	010
4967	15	010
4968	15	010
4969	15	010
4970	15	010
4971	15	010
4972	15	010
4973	15	010
4974	15	010
4975	15	010
4976	15	010
4977	15	010
4978	15	010
4979	15	010
4980	15	010
4981	15	010
4982	15	010
4983	15	010
4984	15	010
4985	15	010
4986	15	010
4987	15	010
4988	15	010
4989	15	010
4990	15	010
4991	15	010
4992	15	010
4993	15	010
4994	15	010
4995	15	010
4996	15	010
4997	15	010
4998	15	010
4999	15	010
5000	15	010
5001	15	010
5002	15	010
5003	15	010
5004	15	010
5005	15	010
5006	15	010
5007	15	010
5008	15	010
5009	15	010
5010	15	010
5011	15	010
5012	15	010
5013	15	010
5014	15	010
5015	15	010
5016	15	010
5017	15	010
5018	15	010
5019	15	010
5020	15	010
5021	15	010
5022	15	010
5023	15	010
5024	15	010
5025	15	010
5026	15	010
5027	15	010
5028	15	010
5029	15	010
5030	15	010
5031	15	010
5032	15	010
5033	15	010
5035	15	010
5036	15	010
5037	15	010
5038	15	010
5039	15	010
5040	15	010
5041	15	010
5042	15	020
5043	15	020
5044	15	020
5045	15	020
5046	15	020
5047	15	020
5048	15	020
5049	15	020
5050	15	020
5051	15	020
5052	15	020
5053	15	020
5054	15	020
5055	15	020
5056	15	020
5057	15	020
5058	15	020
5059	15	020
5060	15	020
5061	15	020
5062	15	020
5063	15	020
5064	15	020
5065	15	020
5066	15	020
5067	15	020
5068	15	020
5069	15	020
5070	15	020
5071	15	020
5072	15	020
5073	15	020
5074	15	020
5075	15	020
5076	15	020
5077	15	020
5078	15	020
5079	15	020
5080	15	020
5081	15	020
5082	15	020
5083	15	020
5084	15	020
5085	15	020
5086	15	020
5087	15	020
5088	15	020
5089	15	020
5090	15	020
5091	15	020
5092	15	020
5093	15	020
5094	15	020
5095	15	020
5096	15	020
5097	15	020
5098	15	020
5099	15	020
5100	15	020
5101	15	020
5102	15	020
5103	15	020
5104	15	020
5105	15	020
5106	15	020
5107	15	020
5108	15	020
5109	15	020
5110	15	020
5111	15	020
5112	15	020
5113	15	020
5114	15	020
5115	15	020
5116	15	020
5117	15	020
5118	15	020
5119	15	020
5120	15	020
5121	15	020
5122	15	020
5123	15	020
5124	15	020
5125	15	020
5126	15	020
5127	15	020
5128	15	020
5129	15	020
5130	15	020
5131	15	020
5132	15	020
5133	15	020
5134	15	020
5135	15	020
5136	15	020
5137	15	020
5138	15	020
5139	15	020
5140	15	020
5141	15	020
5142	15	020
5143	15	020
5144	15	020
5145	15	020
5146	15	020
5147	15	020
5148	15	020
5149	15	020
5150	15	020
5151	15	020
5152	15	020
5153	15	020
5154	15	020
5155	15	020
5156	15	020
5157	15	020
5158	15	020
5159	15	020
5160	15	020
5161	15	020
5162	15	020
5163	15	020
5164	15	020
5165	15	020
5166	15	020
5167	15	020
5168	15	020
5169	15	020
5170	15	020
5171	15	020
5172	15	020
5173	15	020
5174	15	020
5175	15	020
5176	15	020
5177	15	020
5178	15	020
5179	15	020
5180	15	020
5181	15	020
5182	15	020
5183	15	020
5184	15	020
5185	15	020
5186	15	020
5187	15	020
5188	15	020
5189	15	020
5190	15	020
5191	15	020
5192	15	020
5193	15	020
5194	15	020
5195	15	020
5196	15	020
5197	15	020
5198	15	020
5199	15	020
5200	15	020
5201	15	020
5202	15	020
5203	15	020
5204	15	020
5205	15	020
5206	15	020
5207	15	020
5208	15	020
5209	15	020
5210	15	020
5211	15	020
5212	15	020
5213	15	020
5214	15	020
5215	15	020
5216	15	020
5217	15	020
5218	15	020
5219	15	020
5220	15	020
5221	15	020
5222	15	020
5223	15	020
5224	15	020
5225	15	020
5226	15	020
5227	15	020
5228	15	020
5229	15	020
5230	15	020
5231	15	020
5232	15	020
5233	15	020
5234	15	020
5235	15	020
5236	15	020
5237	15	020
5238	15	020
5239	15	020
5240	15	020
5241	15	020
5242	15	020
5243	15	020
5244	15	020
5245	15	020
5246	15	020
5247	15	020
5248	15	020
5249	15	020
5250	15	020
5251	15	020
5252	15	020
5253	15	020
5254	15	020
5255	15	020
5256	15	020
5257	15	020
5258	15	020
5259	15	020
5260	15	020
5261	15	020
5262	15	020
5263	15	020
5264	15	020
5265	15	020
5266	15	020
5267	15	020
5268	15	020
5269	15	020
5270	15	020
5271	15	020
5272	15	020
5273	15	020
5274	15	020
5275	15	020
5276	15	020
5277	15	020
5278	15	020
5279	15	020
5280	15	020
5281	15	020
5282	15	020
5283	15	020
5284	15	020
5285	15	020
5286	15	020
5287	15	020
5288	15	020
5289	15	020
5290	15	020
5291	15	030
5292	15	030
5293	15	030
5294	15	030
5295	15	030
5296	15	030
5297	15	030
5298	15	030
5299	15	030
5300	15	030
5301	15	030
5302	15	030
5303	15	030
5304	15	030
5305	15	030
5306	15	030
5307	15	030
5308	15	030
5309	15	030
5310	15	030
5311	15	030
5312	15	030
5313	15	030
5314	15	030
5315	15	030
5316	15	030
5317	15	030
5318	15	030
5319	15	030
5320	15	030
5321	15	030
5322	15	030
5323	15	030
5324	15	030
5325	15	030
5326	15	030
5327	15	030
5328	15	030
5329	15	030
5330	15	030
5331	15	030
5332	15	030
5333	15	030
5334	15	030
5335	15	030
5336	15	030
5337	15	030
5338	15	030
5339	15	030
5340	15	030
5341	15	030
5342	15	030
5343	15	030
5344	15	030
5345	15	030
5346	15	030
5347	15	030
5348	15	030
5349	15	030
5350	15	030
5351	15	030
5352	15	030
5353	15	030
5354	15	030
5355	15	030
5356	15	030
5357	15	030
5358	15	030
5359	15	030
5360	15	030
5361	15	030
5362	15	030
5363	15	030
5364	15	030
5365	15	030
5366	15	030
5367	15	030
5368	15	030
5369	15	030
5370	15	030
5371	15	030
5372	15	030
5373	15	030
5374	15	030
5375	15	030
5376	15	030
5377	15	030
5378	15	030
5379	15	030
5380	15	030
5381	15	030
5382	15	030
5383	15	030
5384	15	030
5385	15	030
5386	15	030
5387	15	030
5388	15	030
5389	15	030
5390	15	030
5391	15	030
5392	15	030
5393	15	030
5394	15	030
5395	15	030
5396	15	030
5397	15	030
5398	15	030
5399	15	030
5400	15	030
5401	15	030
5402	15	030
5403	15	030
5404	15	030
5405	15	030
5406	15	030
5407	15	030
5408	15	030
5410	15	030
5411	15	030
5412	15	030
5413	15	030
5414	15	030
5415	15	030
5416	15	030
5417	15	030
5418	15	030
5419	15	030
5420	15	030
5421	15	030
5422	15	030
5423	15	030
5424	15	030
5425	15	030
5426	15	030
5427	15	030
5428	15	030
5429	15	030
5430	15	030
5431	15	030
5432	15	030
5433	15	030
5434	15	030
5435	15	030
5436	15	030
5437	15	030
5438	15	030
5439	15	030
5440	15	030
5441	15	030
5442	15	030
5443	15	030
5444	15	030
5445	15	030
5446	15	030
5447	15	030
5448	15	030
5449	15	030
5450	15	030
5451	15	030
5452	15	030
5453	15	030
5454	15	030
5455	15	030
5456	15	030
5457	15	030
5458	15	030
5459	15	030
5460	15	030
5461	15	030
5462	15	030
5463	15	030
5464	15	030
5465	15	030
5466	15	030
5467	15	030
5468	15	030
5469	15	030
5470	15	030
5471	15	030
5472	15	030
5473	15	030
5474	15	030
5475	15	030
5476	15	030
5477	15	030
5478	15	030
5479	15	030
5480	15	030
5481	15	030
5482	15	030
5483	15	030
5484	15	030
5485	15	030
5486	15	030
5487	15	030
5488	15	030
5489	15	050
5491	15	050
5492	15	050
5493	15	050
5494	15	050
5495	15	050
5497	15	050
5498	15	050
5499	15	050
5500	15	050
5502	15	050
5503	15	050
5504	15	050
5505	15	050
5507	15	050
5511	15	050
5512	15	050
5513	15	050
5514	15	050
5515	15	051
5516	15	051
5518	15	051
5519	15	051
5520	15	051
5521	15	051
5522	15	051
5523	15	051
5524	15	051
5525	15	051
5526	15	051
5527	15	051
5528	15	051
5529	15	051
5530	15	051
5531	15	051
5532	15	051
5533	15	051
5534	15	051
5535	15	051
5536	15	051
5537	15	051
5538	15	051
5539	15	051
5541	15	051
5542	15	051
5545	15	051
5546	15	051
5547	15	051
5548	15	051
5550	15	051
5551	15	051
5552	15	051
5553	15	051
5554	15	051
5556	15	051
5557	15	051
5558	15	051
5559	15	051
5560	15	051
5561	15	051
5562	15	051
5563	15	051
5564	15	051
5565	15	051
5566	15	051
5567	15	051
5569	15	051
5570	15	051
5571	15	051
5572	15	051
5573	15	051
5574	15	051
5575	15	051
5576	15	051
5577	15	051
5578	15	051
5579	15	051
5580	15	051
5581	15	051
5582	15	051
5583	15	051
5584	15	051
5585	15	051
5586	15	051
5587	15	051
5588	15	051
5589	15	051
5590	15	051
5591	15	051
5592	15	051
5593	15	051
5594	15	051
5595	15	051
5596	15	051
5597	15	051
5598	15	051
5599	15	051
5600	15	051
5601	15	051
5602	15	051
5603	15	051
5604	15	051
5605	15	051
5606	15	051
5607	15	051
5608	15	051
5609	15	051
5610	15	051
5611	15	051
5612	15	051
5613	15	051
5614	15	051
5615	15	051
5616	15	051
5617	15	051
5618	15	051
5619	15	051
5620	15	051
5621	15	051
5622	15	051
5623	15	051
5624	15	051
5625	15	051
5627	15	051
5628	15	051
5629	15	051
5630	15	051
5631	15	051
5632	15	051
5633	15	051
5634	15	051
5635	15	051
5636	15	051
5637	15	051
5638	15	051
5639	15	051
5640	15	051
5641	15	051
5642	15	051
5643	15	051
5644	15	051
5645	15	051
5646	15	051
5647	15	051
5648	15	051
5649	15	051
5650	15	051
5651	15	051
5652	15	051
5653	15	051
5654	15	051
5655	15	051
5656	15	051
5657	15	051
5658	15	051
5659	15	051
5660	15	051
5661	15	061
5662	15	061
5663	15	061
5664	15	061
5665	15	061
5666	15	061
5667	15	061
5668	15	061
5669	15	061
5670	15	061
5671	15	061
5672	15	061
5673	15	061
5674	15	061
5675	15	061
5676	15	061
5677	15	061
5678	15	061
5680	15	061
5681	15	061
5682	15	061
5683	15	061
5684	15	061
5685	15	061
5686	15	061
5687	15	061
5688	15	061
5689	15	061
5690	15	061
5691	15	061
5692	15	061
5693	15	061
5695	15	061
5696	15	061
5697	15	061
5698	15	061
5699	15	061
5700	15	061
5701	15	061
5702	15	061
5703	15	061
5704	15	061
5706	15	061
5707	15	061
5708	15	061
5709	15	061
5710	15	061
5712	15	061
5713	15	061
5714	15	061
5716	15	061
5717	15	061
5718	15	061
5719	15	061
5720	15	061
5721	15	061
5722	15	061
5723	15	061
5724	15	061
5725	15	061
5726	15	061
5727	15	061
5728	15	061
5729	15	061
5730	15	061
5731	15	061
5732	15	061
5733	15	061
5734	15	061
5735	15	061
5736	15	061
5737	15	061
5738	15	061
5739	15	061
5740	15	061
5741	15	061
5742	15	061
5743	15	061
5744	15	061
5745	15	061
5746	15	061
5747	15	061
5748	15	061
5749	15	061
5750	15	061
5751	15	061
5752	15	061
5753	15	061
5754	15	061
5755	15	061
5756	15	061
5757	15	061
5758	15	061
5759	15	061
5760	15	061
5761	15	061
5762	15	061
5763	15	061
5764	15	061
5765	15	061
5766	15	061
5767	15	061
5768	15	061
5769	15	061
5770	15	061
5771	15	061
5772	15	061
5773	15	061
5774	15	061
5775	15	061
5776	15	061
5777	15	061
5778	15	061
5779	15	061
5780	15	061
5781	15	061
5782	15	061
5783	15	061
5784	15	061
5785	15	061
5786	15	061
5787	15	061
5788	15	061
5789	15	061
5790	15	061
5791	15	061
5792	15	061
5793	15	061
5794	15	061
5795	15	061
5796	15	061
5797	15	061
5798	15	061
5799	15	061
5800	15	061
5801	15	061
5802	15	061
5803	15	061
5804	15	061
5805	15	061
5806	15	061
5808	15	061
5809	15	061
5810	15	061
5811	15	061
5812	15	061
5813	15	061
5814	15	061
5815	15	061
5816	15	061
5817	15	061
5818	15	061
5819	15	061
5820	15	061
5821	15	061
5822	15	061
5823	15	061
5824	15	061
5825	15	061
5826	15	061
5827	15	061
5829	15	061
5830	15	061
5831	15	061
5832	15	061
5833	15	061
5834	15	061
5835	15	061
5836	15	061
5837	15	061
5838	15	061
5839	15	061
5840	15	061
5841	15	061
5842	15	061
5843	15	061
5844	15	061
5845	15	061
5846	15	061
5848	15	061
5849	15	061
5850	15	061
5851	15	061
5852	15	061
5855	15	061
5856	15	061
5857	15	061
5858	15	061
5859	15	061
5860	15	061
5861	15	061
5862	15	061
5863	15	061
5864	15	061
5865	15	061
5866	15	061
5867	15	061
5868	15	061
5869	15	061
5871	15	061
5872	15	061
5873	15	061
5874	15	061
5875	15	061
5876	15	061
5877	15	061
5878	15	061
5879	15	071
5880	15	071
5881	15	071
5882	15	071
5883	15	071
5884	15	071
5885	15	071
5886	15	071
5887	15	071
5888	15	071
5889	15	071
5890	15	071
5891	15	071
5892	15	071
5893	15	071
5894	15	071
5895	15	071
5896	15	071
5897	15	071
5898	15	071
5899	15	071
5900	15	071
5901	15	071
5902	15	071
5903	15	071
5904	15	071
5905	15	071
5906	15	071
5907	15	071
5908	15	071
5909	15	071
5910	15	071
5911	15	071
5912	15	071
5913	15	071
5914	15	071
5915	15	071
5916	15	071
5917	15	071
5918	15	071
5919	15	071
5920	15	071
5921	15	071
5922	15	071
5923	15	071
5924	15	071
5925	15	071
5926	15	071
5927	15	071
5928	15	071
5929	15	071
5930	15	071
5931	15	071
5932	15	071
5933	15	071
5934	15	071
5935	15	071
5936	15	071
5937	15	071
5938	15	071
5939	15	071
5940	15	071
5941	15	071
5942	15	071
5943	15	071
5944	15	071
5945	15	071
5946	15	071
5947	15	071
5948	15	071
5949	15	071
5950	15	071
5951	15	071
5952	15	071
5953	15	071
5954	15	071
5955	15	071
5956	15	071
5957	15	071
5958	15	071
5959	15	071
5960	15	071
5961	15	071
5962	15	081
5963	15	081
5964	15	081
5965	15	081
5966	15	081
5967	15	081
5968	15	081
5970	15	081
5971	15	081
5972	15	081
5973	15	081
5974	15	081
5975	15	081
5976	15	081
5977	15	081
5978	15	081
5979	15	081
5980	15	081
5981	15	081
5982	15	081
5983	15	081
5984	15	081
5985	15	081
5986	15	081
5987	15	081
5988	15	081
5989	15	081
5990	15	081
5991	15	081
5992	15	081
5993	15	081
5994	15	081
5995	15	081
5996	15	081
5997	15	081
5998	15	081
5999	15	081
6000	15	081
6001	15	081
6002	15	081
6003	15	081
6004	15	081
6005	15	081
6006	15	081
6007	15	081
6008	15	081
6009	15	081
6010	15	081
6011	15	081
6012	15	081
6013	15	081
6014	15	081
6015	15	081
6017	15	081
6018	15	081
6019	15	081
6020	15	081
6021	15	081
6022	15	081
6023	15	081
6024	15	081
6025	15	081
6026	15	081
6027	15	081
6028	15	081
6029	15	081
6030	15	111
6031	15	111
6032	15	111
6033	15	111
6034	15	111
6035	15	111
6036	15	111
6037	15	111
6038	15	111
6039	15	111
6040	15	111
6041	15	111
6042	15	111
6043	15	111
6044	15	111
6045	15	111
6046	15	111
6047	15	111
6048	15	111
6049	15	111
6050	15	111
6051	15	111
6052	15	111
6053	15	111
6054	15	111
6055	15	111
6056	15	111
6057	15	111
6058	15	111
6059	15	111
6060	15	111
6061	15	111
6062	15	111
6063	15	111
6064	15	111
6065	15	111
6066	15	111
6067	15	111
6068	15	111
6069	15	111
6070	15	111
6071	15	111
6072	15	111
6073	15	111
6074	15	111
6075	15	111
6076	15	111
6077	15	111
6078	15	111
6079	15	111
6080	15	111
6081	15	111
6082	15	111
6083	15	111
6084	15	111
6086	15	111
6087	15	111
6088	15	111
6089	15	111
6090	15	111
6091	15	111
6092	15	111
6093	15	111
6094	15	111
6096	15	111
6098	15	111
6099	15	111
6100	15	111
6101	15	111
6102	15	111
6103	15	111
6104	15	121
6105	15	121
6106	15	121
6107	15	121
6108	15	121
6109	15	121
6110	15	121
6111	15	121
6112	15	121
6113	15	121
6114	15	121
6115	15	121
6116	15	121
6117	15	121
6118	15	121
6120	15	121
6121	15	121
6122	15	121
6123	15	121
6124	15	121
6125	15	121
6126	15	121
6127	15	121
6128	15	121
6131	15	121
6132	15	121
6133	15	121
6134	15	121
6135	15	121
6136	15	121
6137	15	121
6138	15	121
6139	15	121
6140	15	121
6141	15	121
6142	15	121
6143	15	121
6144	15	121
6145	15	121
6146	15	121
6147	15	121
6148	15	121
6149	15	121
6150	15	121
6151	15	121
6152	15	121
6153	15	121
6154	15	121
6155	15	121
6156	15	121
6157	15	121
6158	15	121
6159	15	121
6160	15	121
6161	15	121
6162	15	121
6163	15	151
6164	15	151
6165	15	151
6166	15	151
6167	15	151
6168	15	151
6169	15	151
6170	15	151
6171	15	151
6172	15	151
6173	15	151
6174	15	151
6175	15	151
6176	15	151
6177	15	151
6178	15	151
6179	15	151
6180	15	151
6181	15	151
6182	15	151
6183	15	151
6184	15	151
6185	15	151
6186	15	151
6187	15	151
6188	15	151
6189	15	151
6190	15	151
6191	15	151
6192	15	151
6193	15	151
6194	15	151
6195	15	151
6196	15	151
6197	15	151
6198	15	151
6199	15	151
6200	15	151
6201	15	151
6202	15	151
6203	15	151
6204	15	151
6205	15	151
6206	15	151
6207	15	151
6208	15	151
6209	15	151
6210	15	151
6211	15	151
6212	15	151
6213	15	151
6214	15	151
6215	15	151
6216	15	151
6217	15	151
6218	15	151
6219	15	151
6220	15	151
6221	15	151
6222	15	151
6223	15	151
6224	15	151
6225	15	151
6226	15	151
6227	15	151
6228	15	151
6229	15	151
6230	15	151
6231	15	151
6232	15	151
6233	15	151
6234	15	151
6235	15	151
6236	15	151
6237	15	151
